    -530575 1.23505e+08 1.23527e+08
    -826343 8.11802e+07   8.078e+07
    21048.9     15915.8    -18561.3
    -530048 1.23389e+08 1.23177e+08
    -826378 8.13511e+07 8.12929e+07
      21039       15894    -18606.8
    -529521 1.23272e+08 1.22827e+08
    -826413  8.1522e+07 8.18057e+07
    21029.2     15872.2    -18652.3
    -528994 1.23156e+08 1.22476e+08
    -826447  8.1693e+07 8.23186e+07
    21019.3     15850.5    -18697.8
    -528467 1.23039e+08 1.22126e+08
    -826482 8.18639e+07 8.28315e+07
    21009.4     15828.7    -18743.4
    -527940 1.22923e+08 1.21775e+08
    -826517 8.20349e+07 8.33444e+07
    20999.5     15806.9    -18788.9
    -527413 1.22806e+08 1.21425e+08
    -826552 8.22058e+07 8.38573e+07
    20989.6     15785.2    -18834.4
    -526886  1.2269e+08 1.21074e+08
    -826587 8.23767e+07 8.43702e+07
    20979.7     15763.4    -18879.9
    -526359 1.22573e+08 1.20724e+08
    -826622 8.25477e+07 8.48831e+07
    20969.8     15741.6    -18925.4
    -525832 1.22457e+08 1.20374e+08
    -826657 8.27186e+07  8.5396e+07
    20959.9     15719.8    -18970.9
    -525305 1.22341e+08 1.20023e+08
    -826692 8.28896e+07 8.59089e+07
      20950     15698.1    -19016.4
    -524778 1.22224e+08 1.19673e+08
    -826727 8.30605e+07 8.64218e+07
    20940.1     15676.3    -19061.9
    -524251 1.22108e+08 1.19322e+08
    -826762 8.32314e+07 8.69347e+07
    20930.2     15654.5    -19107.4
    -523724 1.21991e+08 1.18972e+08
    -826797 8.34024e+07 8.74476e+07
    20920.3     15632.8      -19153
    -523197 1.21875e+08 1.18622e+08
    -826832 8.35733e+07 8.79604e+07
    20910.4       15611    -19198.5
    -522670 1.21758e+08 1.18271e+08
    -826867 8.37443e+07 8.84733e+07
    20900.5     15589.2      -19244
    -522143 1.21642e+08 1.17921e+08
    -826902 8.39152e+07 8.89862e+07
    20890.6     15567.5    -19289.5
    -521616 1.21525e+08  1.1757e+08
    -826936 8.40861e+07 8.94991e+07
    20880.7     15545.7      -19335
    -521089 1.21409e+08  1.1722e+08
    -826971 8.42571e+07  9.0012e+07
    20870.8     15523.9    -19380.5
    -520562 1.21293e+08  1.1687e+08
    -827006  8.4428e+07 9.05249e+07
    20860.9     15502.2      -19426
    -520035 1.21176e+08 1.16519e+08
    -827041  8.4599e+07 9.10378e+07
      20851     15480.4    -19471.5
    -519508  1.2106e+08 1.16169e+08
    -827076 8.47699e+07 9.15507e+07
    20841.1     15458.6      -19517
    -518981 1.20943e+08 1.15818e+08
    -827111 8.49408e+07 9.20636e+07
    20831.2     15436.9    -19562.6
    -518454 1.20827e+08 1.15468e+08
    -827146 8.51118e+07 9.25765e+07
    20821.3     15415.1    -19608.1
    -517927  1.2071e+08 1.15118e+08
    -827181 8.52827e+07 9.30894e+07
    20811.4     15393.3    -19653.6
    -517400 1.20594e+08 1.14767e+08
    -827216 8.54537e+07 9.36023e+07
    20801.5     15371.5    -19699.1
    -516873 1.20477e+08 1.14417e+08
    -827251 8.56246e+07 9.41151e+07
    20791.6     15349.8    -19744.6
    -516346 1.20361e+08 1.14066e+08
    -827286 8.57955e+07  9.4628e+07
    20781.7       15328    -19790.1
    -515819 1.20244e+08 1.13716e+08
    -827321 8.59665e+07 9.51409e+07
    20771.8     15306.2    -19835.6
    -515292 1.20128e+08 1.13366e+08
    -827356 8.61374e+07 9.56538e+07
    20761.9     15284.5    -19881.1
    -514765 1.20012e+08 1.13015e+08
    -827390 8.63084e+07 9.61667e+07
      20752     15262.7    -19926.6
    -514238 1.19895e+08 1.12665e+08
    -827425 8.64793e+07 9.66796e+07
    20742.1     15240.9    -19972.2
    -513711 1.19779e+08 1.12314e+08
    -827460 8.66502e+07 9.71925e+07
    20732.2     15219.2    -20017.7
    -513184 1.19662e+08 1.11964e+08
    -827495 8.68212e+07 9.77054e+07
    20722.3     15197.4    -20063.2
    -512656 1.19546e+08 1.11614e+08
    -827530 8.69921e+07 9.82183e+07
    20712.4     15175.6    -20108.7
    -512129 1.19429e+08 1.11263e+08
    -827565 8.71631e+07 9.87312e+07
    20702.5     15153.9    -20154.2
    -511602 1.19313e+08 1.10913e+08
    -827600  8.7334e+07 9.92441e+07
    20692.6     15132.1    -20199.7
    -511075 1.19196e+08 1.10562e+08
    -827635  8.7505e+07  9.9757e+07
    20682.7     15110.3    -20245.2
    -510548  1.1908e+08 1.10212e+08
    -827670 8.76759e+07  1.0027e+08
    20672.8     15088.6    -20290.7
    -510021 1.18964e+08 1.09862e+08
    -827705 8.78468e+07 1.00783e+08
    20662.9     15066.8    -20336.3
    -509494 1.18847e+08 1.09511e+08
    -827740 8.80178e+07 1.01296e+08
    20653.1       15045    -20381.8
    -508967 1.18731e+08 1.09161e+08
    -827775 8.81887e+07 1.01809e+08
    20643.2     15023.2    -20427.3
    -508440 1.18614e+08  1.0881e+08
    -827810 8.83597e+07 1.02321e+08
    20633.3     15001.5    -20472.8
    -507913 1.18498e+08  1.0846e+08
    -827845 8.85306e+07 1.02834e+08
    20623.4     14979.7    -20518.3
    -507386 1.18381e+08  1.0811e+08
    -827879 8.87015e+07 1.03347e+08
    20613.5     14957.9    -20563.8
    -506859 1.18265e+08 1.07759e+08
    -827914 8.88725e+07  1.0386e+08
    20603.6     14936.2    -20609.3
    -506332 1.18148e+08 1.07409e+08
    -827949 8.90434e+07 1.04373e+08
    20593.7     14914.4    -20654.8
    -505805 1.18032e+08 1.07058e+08
    -827984 8.92144e+07 1.04886e+08
    20583.8     14892.6    -20700.3
    -505278 1.17915e+08 1.06708e+08
    -828019 8.93853e+07 1.05399e+08
    20573.9     14870.9    -20745.9
    -504751 1.17799e+08 1.06358e+08
    -828054 8.95562e+07 1.05912e+08
      20564     14849.1    -20791.4
    -504224 1.17683e+08 1.06007e+08
    -828089 8.97272e+07 1.06425e+08
    20554.1     14827.3    -20836.9
    -503697 1.17566e+08 1.05657e+08
    -828124 8.98981e+07 1.06937e+08
    20544.2     14805.6    -20882.4
    -503170  1.1745e+08 1.05306e+08
    -828159 9.00691e+07  1.0745e+08
    20534.3     14783.8    -20927.9
    -502643 1.17333e+08 1.04956e+08
    -828194   9.024e+07 1.07963e+08
    20524.4       14762    -20973.4
    -502116 1.17217e+08 1.04606e+08
    -828229 9.04109e+07 1.08476e+08
    20514.5     14740.3    -21018.9
    -501589   1.171e+08 1.04255e+08
    -828264 9.05819e+07 1.08989e+08
    20504.6     14718.5    -21064.4
    -501062 1.16984e+08 1.03905e+08
    -828299 9.07528e+07 1.09502e+08
    20494.7     14696.7    -21109.9
    -500535 1.16867e+08 1.03554e+08
    -828334 9.09238e+07 1.10015e+08
    20484.8     14674.9    -21155.5
    -500008 1.16751e+08 1.03204e+08
    -828368 9.10947e+07 1.10528e+08
    20474.9     14653.2      -21201
    -499481 1.16635e+08 1.02854e+08
    -828403 9.12656e+07 1.11041e+08
      20465     14631.4    -21246.5
    -498954 1.16518e+08 1.02503e+08
    -828438 9.14366e+07 1.11553e+08
    20455.1     14609.6      -21292
    -498427 1.16402e+08 1.02153e+08
    -828473 9.16075e+07 1.12066e+08
    20445.2     14587.9    -21337.5
    -497900 1.16285e+08 1.01802e+08
    -828508 9.17785e+07 1.12579e+08
    20435.3     14566.1      -21383
    -497373 1.16169e+08 1.01452e+08
    -828543 9.19494e+07 1.13092e+08
    20425.4     14544.3    -21428.5
    -496846 1.16052e+08 1.01102e+08
    -828578 9.21203e+07 1.13605e+08
    20415.5     14522.6      -21474
    -496319 1.15936e+08 1.00751e+08
    -828613 9.22913e+07 1.14118e+08
    20405.6     14500.8    -21519.6
    -495792 1.15819e+08 1.00401e+08
    -828648 9.24622e+07 1.14631e+08
    20395.7       14479    -21565.1
    -495265 1.15703e+08  1.0005e+08
    -828683 9.26332e+07 1.15144e+08
    20385.8     14457.3    -21610.6
    -494738 1.15587e+08 9.97001e+07
    -828718 9.28041e+07 1.15657e+08
    20375.9     14435.5    -21656.1
    -494211  1.1547e+08 9.93497e+07
    -828753 9.29751e+07 1.16169e+08
      20366     14413.7    -21701.6
    -493684 1.15354e+08 9.89993e+07
    -828788  9.3146e+07 1.16682e+08
    20356.1       14392    -21747.1
    -493157 1.15237e+08 9.86489e+07
    -828823 9.33169e+07 1.17195e+08
    20346.2     14370.2    -21792.6
    -492630 1.15121e+08 9.82985e+07
    -828857 9.34879e+07 1.17708e+08
    20336.3     14348.4    -21838.1
    -492103 1.15004e+08 9.79481e+07
    -828892 9.36588e+07 1.18221e+08
    20326.4     14326.7    -21883.6
    -491576 1.14888e+08 9.75977e+07
    -828927 9.38298e+07 1.18734e+08
    20316.5     14304.9    -21929.2
    -491049 1.14771e+08 9.72473e+07
    -828962 9.40007e+07 1.19247e+08
    20306.6     14283.1    -21974.7
    -490522 1.14655e+08 9.68969e+07
    -828997 9.41716e+07  1.1976e+08
    20296.7     14261.3    -22020.2
    -489995 1.14538e+08 9.65465e+07
    -829032 9.43426e+07 1.20273e+08
    20286.8     14239.6    -22065.7
    -489468 1.14422e+08 9.61961e+07
    -829067 9.45135e+07 1.20786e+08
      20277     14217.8    -22111.2
    -488941 1.14306e+08 9.58457e+07
    -829102 9.46845e+07 1.21298e+08
    20267.1       14196    -22156.7
    -488414 1.14189e+08 9.54953e+07
    -829137 9.48554e+07 1.21811e+08
    20257.2     14174.3    -22202.2
    -487886 1.14073e+08 9.51449e+07
    -829172 9.50263e+07 1.22324e+08
    20247.3     14152.5    -22247.7
    -487359 1.13956e+08 9.47945e+07
    -829207 9.51973e+07 1.22837e+08
    20237.4     14130.7    -22293.2
    -486832  1.1384e+08 9.44441e+07
    -829242 9.53682e+07  1.2335e+08
    20227.5       14109    -22338.8
    -486305 1.13723e+08 9.40937e+07
    -829277 9.55392e+07 1.23863e+08
    20217.6     14087.2    -22384.3
    -485778 1.13607e+08 9.37433e+07
    -829312 9.57101e+07 1.24376e+08
    20207.7     14065.4    -22429.8
    -485251  1.1349e+08 9.33929e+07
    -829346  9.5881e+07 1.24889e+08
    20197.8     14043.7    -22475.3
    -484724 1.13374e+08 9.30425e+07
    -829381  9.6052e+07 1.25402e+08
    20187.9     14021.9    -22520.8
    -484197 1.13258e+08 9.26921e+07
    -829416 9.62229e+07 1.25914e+08
      20178     14000.1    -22566.3
    -483670 1.13141e+08 9.23417e+07
    -829451 9.63939e+07 1.26427e+08
    20168.1     13978.4    -22611.8
    -483143 1.13025e+08 9.19913e+07
    -829486 9.65648e+07  1.2694e+08
    20158.2     13956.6    -22657.3
    -482616 1.12908e+08 9.16409e+07
    -829521 9.67357e+07 1.27453e+08
    20148.3     13934.8    -22702.9
    -482089 1.12792e+08 9.12905e+07
    -829556 9.69067e+07 1.27966e+08
    20138.4       13913    -22748.4
    -481562 1.12675e+08 9.09401e+07
    -829591 9.70776e+07 1.28479e+08
    20128.5     13891.3    -22793.9
    -481035 1.12559e+08 9.05897e+07
    -829626 9.72486e+07 1.28992e+08
    20118.6     13869.5    -22839.4
    -480508 1.12442e+08 9.02393e+07
    -829661 9.74195e+07 1.29505e+08
    20108.7     13847.7    -22884.9
    -479981 1.12326e+08 8.98889e+07
    -829696 9.75904e+07 1.30018e+08
    20098.8       13826    -22930.4
    -479454  1.1221e+08 8.95385e+07
    -829731 9.77614e+07  1.3053e+08
    20088.9     13804.2    -22975.9
    -478927 1.12093e+08 8.91881e+07
    -829766 9.79323e+07 1.31043e+08
      20079     13782.4    -23021.4
    -478400 1.11977e+08 8.88377e+07
    -829801 9.81033e+07 1.31556e+08
    20069.1     13760.7    -23066.9
    -477873  1.1186e+08 8.84873e+07
    -829835 9.82742e+07 1.32069e+08
    20059.2     13738.9    -23112.5
    -477346 1.11744e+08 8.81369e+07
    -829870 9.84451e+07 1.32582e+08
    20049.3     13717.1      -23158
    -476819 1.11627e+08 8.77865e+07
    -829905 9.86161e+07 1.33095e+08
    20039.4     13695.4    -23203.5
    -476292 1.11511e+08 8.74361e+07
    -829940  9.8787e+07 1.33608e+08
    20029.5     13673.6      -23249
    -475765 1.11394e+08 8.70857e+07
    -829975  9.8958e+07 1.34121e+08
    20019.6     13651.8    -23294.5
    -475238 1.11278e+08 8.67353e+07
    -830010 9.91289e+07 1.34634e+08
    20009.7     13630.1      -23340
    -474711 1.11161e+08 8.63849e+07
    -830045 9.92999e+07 1.35146e+08
    19999.8     13608.3    -23385.5
    -474184 1.11045e+08 8.60345e+07
    -830080 9.94708e+07 1.35659e+08
    19989.9     13586.5      -23431
    -473657 1.10929e+08 8.56841e+07
    -830115 9.96417e+07 1.36172e+08
      19980     13564.7    -23476.5
    -473130 1.10812e+08 8.53337e+07
    -830150 9.98127e+07 1.36685e+08
    19970.1       13543    -23522.1
    -472603 1.10696e+08 8.49833e+07
    -830185 9.99836e+07 1.37198e+08
    19960.2     13521.2    -23567.6
    -472076 1.10579e+08 8.46329e+07
    -830220 1.00155e+08 1.37711e+08
    19950.3     13499.4    -23613.1
    -471549 1.10463e+08 8.42825e+07
    -830255 1.00325e+08 1.38224e+08
    19940.4     13477.7    -23658.6
    -471022 1.10346e+08 8.39321e+07
    -830290 1.00496e+08 1.38737e+08
    19930.5     13455.9    -23704.1
    -470495  1.1023e+08 8.35817e+07
    -830324 1.00667e+08  1.3925e+08
    19920.6     13434.1    -23749.6
    -469968 1.10113e+08 8.32313e+07
    -830359 1.00838e+08 1.39762e+08
    19910.7     13412.4    -23795.1
    -469441 1.09997e+08 8.28809e+07
    -830394 1.01009e+08 1.40275e+08
    19900.9     13390.6    -23840.6
    -468914 1.09881e+08 8.25305e+07
    -830429  1.0118e+08 1.40788e+08
      19891     13368.8    -23886.1
    -468387 1.09764e+08 8.21801e+07
    -830464 1.01351e+08 1.41301e+08
    19881.1     13347.1    -23931.7
    -467860 1.09648e+08 8.18297e+07
    -830499 1.01522e+08 1.41814e+08
    19871.2     13325.3    -23977.2
    -467333 1.09531e+08 8.14793e+07
    -830534 1.01693e+08 1.42327e+08
    19861.3     13303.5    -24022.7
    -466806 1.09415e+08 8.11289e+07
    -830569 1.01864e+08  1.4284e+08
    19851.4     13281.8    -24068.2
    -466279 1.09298e+08 8.07785e+07
    -830604 1.02035e+08 1.43353e+08
    19841.5       13260    -24113.7
    -465752 1.09182e+08 8.04281e+07
    -830639 1.02206e+08 1.43866e+08
    19831.6     13238.2    -24159.2
    -465225 1.09065e+08 8.00777e+07
    -830674 1.02377e+08 1.44379e+08
    19821.7     13216.4    -24204.7
    -464698 1.08949e+08 7.97273e+07
    -830709 1.02548e+08 1.44891e+08
    19811.8     13194.7    -24250.2
    -464171 1.08832e+08 7.93769e+07
    -830744 1.02719e+08 1.45404e+08
    19801.9     13172.9    -24295.8
    -463644 1.08716e+08 7.90265e+07
    -830779  1.0289e+08 1.45917e+08
      19792     13151.1    -24341.3
    -463116   1.086e+08 7.86761e+07
    -830813 1.03061e+08  1.4643e+08
    19782.1     13129.4    -24386.8
    -462589 1.08483e+08 7.83257e+07
    -830848 1.03231e+08 1.46943e+08
    19772.2     13107.6    -24432.3
    -462062 1.08367e+08 7.79753e+07
    -830883 1.03402e+08 1.47456e+08
    19762.3     13085.8    -24477.8
    -461535  1.0825e+08 7.76249e+07
    -830918 1.03573e+08 1.47969e+08
    19752.4     13064.1    -24523.3
    -461008 1.08134e+08 7.72745e+07
    -830953 1.03744e+08 1.48482e+08
    19742.5     13042.3    -24568.8
    -460481 1.08017e+08 7.69241e+07
    -830988 1.03915e+08 1.48995e+08
    19732.6     13020.5    -24614.3
    -459954 1.07901e+08 7.65737e+07
    -831023 1.04086e+08 1.49507e+08
    19722.7     12998.8    -24659.8
    -459427 1.07784e+08 7.62233e+07
    -831058 1.04257e+08  1.5002e+08
    19712.8       12977    -24705.4
    -458900 1.07668e+08 7.58729e+07
    -831093 1.04428e+08 1.50533e+08
    19702.9     12955.2    -24750.9
    -458373 1.07552e+08 7.55225e+07
    -831128 1.04599e+08 1.51046e+08
      19693     12933.5    -24796.4
    -457846 1.07435e+08 7.51721e+07
    -831163  1.0477e+08 1.51559e+08
    19683.1     12911.7    -24841.9
    -457319 1.07319e+08 7.48217e+07
    -831198 1.04941e+08 1.52072e+08
    19673.2     12889.9    -24887.4
    -456792 1.07202e+08 7.44713e+07
    -831233 1.05112e+08 1.52585e+08
    19663.3     12868.1    -24932.9
    -456265 1.07086e+08 7.41209e+07
    -831267 1.05283e+08 1.53098e+08
    19653.4     12846.4    -24978.4
    -455738 1.06969e+08 7.37705e+07
    -831302 1.05454e+08 1.53611e+08
    19643.5     12824.6    -25023.9
    -455211 1.06853e+08 7.34201e+07
    -831337 1.05625e+08 1.54123e+08
    19633.6     12802.8    -25069.4
    -454684 1.06736e+08 7.30697e+07
    -831372 1.05796e+08 1.54636e+08
    19623.7     12781.1      -25115
    -454157  1.0662e+08 7.27193e+07
    -831407 1.05967e+08 1.55149e+08
    19613.8     12759.3    -25160.5
    -453630 1.06504e+08 7.23689e+07
    -831442 1.06137e+08 1.55662e+08
    19603.9     12737.5      -25206
    -453103 1.06387e+08 7.20185e+07
    -831477 1.06308e+08 1.56175e+08
      19594     12715.8    -25251.5
    -452576 1.06271e+08 7.16681e+07
    -831512 1.06479e+08 1.56688e+08
    19584.1       12694      -25297
    -452049 1.06154e+08 7.13177e+07
    -831547  1.0665e+08 1.57201e+08
    19574.2     12672.2    -25342.5
    -451522 1.06038e+08 7.09673e+07
    -831582 1.06821e+08 1.57714e+08
    19564.3     12650.5      -25388
    -450995 1.05921e+08 7.06169e+07
    -831617 1.06992e+08 1.58227e+08
    19554.4     12628.7    -25433.5
    -450468 1.05805e+08 7.02665e+07
    -831652 1.07163e+08 1.58739e+08
    19544.5     12606.9    -25479.1
    -449941 1.05688e+08 6.99161e+07
    -831687 1.07334e+08 1.59252e+08
    19534.6     12585.2    -25524.6
    -449414 1.05572e+08 6.95657e+07
    -831722 1.07505e+08 1.59765e+08
    19524.8     12563.4    -25570.1
    -448887 1.05455e+08 6.92153e+07
    -831756 1.07676e+08 1.60278e+08
    19514.9     12541.6    -25615.6
    -448360 1.05339e+08 6.88649e+07
    -831791 1.07847e+08 1.60791e+08
      19505     12519.8    -25661.1
    -447833 1.05223e+08 6.85145e+07
    -831826 1.08018e+08 1.61304e+08
    19495.1     12498.1    -25706.6
    -447306 1.05106e+08 6.81641e+07
    -831861 1.08189e+08 1.61817e+08
    19485.2     12476.3    -25752.1
    -446779  1.0499e+08 6.78137e+07
    -831896  1.0836e+08  1.6233e+08
    19475.3     12454.5    -25797.6
    -446252 1.04873e+08 6.74633e+07
    -831931 1.08531e+08 1.62843e+08
    19465.4     12432.8    -25843.1
    -445725 1.04757e+08 6.71129e+07
    -831966 1.08702e+08 1.63356e+08
    19455.5       12411    -25888.7
    -445198  1.0464e+08 6.67625e+07
    -832001 1.08873e+08 1.63868e+08
    19445.6     12389.2    -25934.2
    -444671 1.04524e+08 6.64121e+07
    -832036 1.09043e+08 1.64381e+08
    19435.7     12367.5    -25979.7
    -444144 1.04407e+08 6.60617e+07
    -832071 1.09214e+08 1.64894e+08
    19425.8     12345.7    -26025.2
    -443617 1.04291e+08 6.57113e+07
    -832106 1.09385e+08 1.65407e+08
    19415.9     12323.9    -26070.7
    -443090 1.04175e+08 6.53609e+07
    -832141 1.09556e+08  1.6592e+08
      19406     12302.2    -26116.2
    -442563 1.04058e+08 6.50105e+07
    -832176 1.09727e+08 1.66433e+08
    19396.1     12280.4    -26161.7
    -442036 1.03942e+08 6.46601e+07
    -832211 1.09898e+08 1.66946e+08
    19386.2     12258.6    -26207.2
    -441509 1.03825e+08 6.43097e+07
    -832245 1.10069e+08 1.67459e+08
    19376.3     12236.9    -26252.7
    -440982 1.03709e+08 6.39593e+07
    -832280  1.1024e+08 1.67972e+08
    19366.4     12215.1    -26298.3
    -440455 1.03592e+08 6.36089e+07
    -832315 1.10411e+08 1.68484e+08
    19356.5     12193.3    -26343.8
    -439928 1.03476e+08 6.32585e+07
    -832350 1.10582e+08 1.68997e+08
    19346.6     12171.5    -26389.3
    -439401 1.03359e+08 6.29081e+07
    -832385 1.10753e+08  1.6951e+08
    19336.7     12149.8    -26434.8
    -438874 1.03243e+08 6.25577e+07
    -832420 1.10924e+08 1.70023e+08
    19326.8       12128    -26480.3
    -438346 1.03126e+08 6.22073e+07
    -832455 1.11095e+08 1.70536e+08
    19316.9     12106.2    -26525.8
    -437819  1.0301e+08 6.18569e+07
    -832490 1.11266e+08 1.71049e+08
      19307     12084.5    -26571.3
    -437292 1.02894e+08 6.15065e+07
    -832525 1.11437e+08 1.71562e+08
    19297.1     12062.7    -26616.8
    -436765 1.02777e+08 6.11561e+07
    -832560 1.11608e+08 1.72075e+08
    19287.2     12040.9    -26662.3
    -436238 1.02661e+08 6.08057e+07
    -832595 1.11779e+08 1.72588e+08
    19277.3     12019.2    -26707.9
    -435711 1.02544e+08 6.04553e+07
    -832630 1.11949e+08   1.731e+08
    19267.4     11997.4    -26753.4
    -435184 1.02428e+08 6.01049e+07
    -832665  1.1212e+08 1.73613e+08
    19257.5     11975.6    -26798.9
    -434657 1.02311e+08 5.97545e+07
    -832700 1.12291e+08 1.74126e+08
    19247.6     11953.9    -26844.4
    -434130 1.02195e+08 5.94041e+07
    -832734 1.12462e+08 1.74639e+08
    19237.7     11932.1    -26889.9
    -433603 1.02078e+08 5.90536e+07
    -832769 1.12633e+08 1.75152e+08
    19227.8     11910.3    -26935.4
    -433076 1.01962e+08 5.87032e+07
    -832804 1.12804e+08 1.75665e+08
    19217.9     11888.6    -26980.9
    -432549 1.01846e+08 5.83528e+07
    -832839 1.12975e+08 1.76178e+08
      19208     11866.8    -27026.4
    -432022 1.01729e+08 5.80024e+07
    -832874 1.13146e+08 1.76691e+08
    19198.1       11845      -27072
    -431495 1.01613e+08  5.7652e+07
    -832909 1.13317e+08 1.77204e+08
    19188.2     11823.2    -27117.5
    -430968 1.01496e+08 5.73016e+07
    -832944 1.13488e+08 1.77716e+08
    19178.3     11801.5      -27163
    -430441  1.0138e+08 5.69512e+07
    -832979 1.13659e+08 1.78229e+08
    19168.4     11779.7    -27208.5
    -429914 1.01263e+08 5.66008e+07
    -833014  1.1383e+08 1.78742e+08
    19158.5     11757.9      -27254
    -429387 1.01147e+08 5.62504e+07
    -833049 1.14001e+08 1.79255e+08
    19148.7     11736.2    -27299.5
    -428860  1.0103e+08    5.59e+07
    -833084 1.14172e+08 1.79768e+08
    19138.8     11714.4      -27345
    -428333 1.00914e+08 5.55496e+07
    -833119 1.14343e+08 1.80281e+08
    19128.9     11692.6    -27390.5
    -427806 1.00798e+08 5.51992e+07
    -833154 1.14514e+08 1.80794e+08
      19119     11670.9      -27436
    -427279 1.00681e+08 5.48488e+07
    -833189 1.14685e+08 1.81307e+08
    19109.1     11649.1    -27481.6
    -426752 1.00565e+08 5.44984e+07
    -833223 1.14855e+08  1.8182e+08
    19099.2     11627.3    -27527.1
    -426225 1.00448e+08  5.4148e+07
    -833258 1.15026e+08 1.82332e+08
    19089.3     11605.6    -27572.6
    -425698 1.00332e+08 5.37976e+07
    -833293 1.15197e+08 1.82845e+08
    19079.4     11583.8    -27618.1
    -425171 1.00215e+08 5.34472e+07
    -833328 1.15368e+08 1.83358e+08
    19069.5       11562    -27663.6
    -424644 1.00099e+08 5.30968e+07
    -833363 1.15539e+08 1.83871e+08
    19059.6     11540.3    -27709.1
    -424117 9.99824e+07 5.27464e+07
    -833398  1.1571e+08 1.84384e+08
    19049.7     11518.5    -27754.6
    -423590 9.98659e+07  5.2396e+07
    -833433 1.15881e+08 1.84897e+08
    19039.8     11496.7    -27800.1
    -423063 9.97495e+07 5.20456e+07
    -833468 1.16052e+08  1.8541e+08
    19029.9     11474.9    -27845.6
    -422536  9.9633e+07 5.16952e+07
    -833503 1.16223e+08 1.85923e+08
      19020     11453.2    -27891.2
    -422009 9.95166e+07 5.13448e+07
    -833538 1.16394e+08 1.86436e+08
    19010.1     11431.4    -27936.7
    -421482 9.94001e+07 5.09944e+07
    -833573 1.16565e+08 1.86949e+08
    19000.2     11409.6    -27982.2
    -420955 9.92837e+07  5.0644e+07
    -833608 1.16736e+08 1.87461e+08
    18990.3     11387.9    -28027.7
    -420428 9.91672e+07 5.02936e+07
    -833643 1.16907e+08 1.87974e+08
    18980.4     11366.1    -28073.2
    -419901 9.90508e+07 4.99432e+07
    -833678 1.17078e+08 1.88487e+08
    18970.5     11344.3    -28118.7
    -419374 9.89343e+07 4.95928e+07
    -833712 1.17249e+08    1.89e+08
    18960.6     11322.6    -28164.2
    -418847 9.88179e+07 4.92424e+07
    -833747  1.1742e+08 1.89513e+08
    18950.7     11300.8    -28209.7
    -418320 9.87014e+07  4.8892e+07
    -833782  1.1759e+08 1.90026e+08
    18940.8       11279    -28255.3
    -417793  9.8585e+07 4.85416e+07
    -833817 1.17761e+08 1.90539e+08
    18930.9     11257.3    -28300.8
    -417266 9.84685e+07 4.81912e+07
    -833852 1.17932e+08 1.91052e+08
      18921     11235.5    -28346.3
    -416739 9.83521e+07 4.78408e+07
    -833887 1.18103e+08 1.91565e+08
    18911.1     11213.7    -28391.8
    -416212 9.82357e+07 4.74904e+07
    -833922 1.18274e+08 1.92077e+08
    18901.2       11192    -28437.3
    -415685 9.81192e+07   4.714e+07
    -833957 1.18445e+08  1.9259e+08
    18891.3     11170.2    -28482.8
    -415158 9.80028e+07 4.67896e+07
    -833992 1.18616e+08 1.93103e+08
    18881.4     11148.4    -28528.3
    -414631 9.78863e+07 4.64392e+07
    -834027 1.18787e+08 1.93616e+08
    18871.5     11126.6    -28573.8
    -414104 9.77699e+07 4.60888e+07
    -834062 1.18958e+08 1.94129e+08
    18861.6     11104.9    -28619.3
    -413576 9.76534e+07 4.57384e+07
    -834097 1.19129e+08 1.94642e+08
    18851.7     11083.1    -28664.9
    -413049  9.7537e+07  4.5388e+07
    -834132   1.193e+08 1.95155e+08
    18841.8     11061.3    -28710.4
    -412522 9.74205e+07 4.50376e+07
    -834167 1.19471e+08 1.95668e+08
    18831.9     11039.6    -28755.9
    -411995 9.73041e+07 4.46872e+07
    -834201 1.19642e+08 1.96181e+08
      18822     11017.8    -28801.4
    -411468 9.71876e+07 4.43368e+07
    -834236 1.19813e+08 1.96693e+08
    18812.1       10996    -28846.9
    -410941 9.70712e+07 4.39864e+07
    -834271 1.19984e+08 1.97206e+08
    18802.2     10974.3    -28892.4
    -410414 9.69547e+07  4.3636e+07
    -834306 1.20155e+08 1.97719e+08
    18792.3     10952.5    -28937.9
    -409887 9.68383e+07 4.32856e+07
    -834341 1.20326e+08 1.98232e+08
    18782.4     10930.7    -28983.4
    -409360 9.67218e+07 4.29352e+07
    -834376 1.20496e+08 1.98745e+08
    18772.6       10909    -29028.9
    -408833 9.66054e+07 4.25848e+07
    -834411 1.20667e+08 1.99258e+08
    18762.7     10887.2    -29074.5
    -408306 9.64889e+07 4.22344e+07
    -834446 1.20838e+08 1.99771e+08
    18752.8     10865.4      -29120
    -407779 9.63725e+07  4.1884e+07
    -834481 1.21009e+08 2.00284e+08
    18742.9     10843.7    -29165.5
    -407252  9.6256e+07 4.15336e+07
    -834516  1.2118e+08 2.00797e+08
      18733     10821.9      -29211
    -406725 9.61396e+07 4.11832e+07
    -834551 1.21351e+08 2.01309e+08
    18723.1     10800.1    -29256.5
    -406198 9.60231e+07 4.08328e+07
    -834586 1.21522e+08 2.01822e+08
    18713.2     10778.3      -29302
    -405671 9.59067e+07 4.04824e+07
    -834621 1.21693e+08 2.02335e+08
    18703.3     10756.6    -29347.5
    -405144 9.57902e+07  4.0132e+07
    -834656 1.21864e+08 2.02848e+08
    18693.4     10734.8      -29393
    -404617 9.56738e+07 3.97816e+07
    -834690 1.22035e+08 2.03361e+08
    18683.5       10713    -29438.6
    -404090 9.55573e+07 3.94312e+07
    -834725 1.22206e+08 2.03874e+08
    18673.6     10691.3    -29484.1
    -403563 9.54409e+07 3.90808e+07
    -834760 1.22377e+08 2.04387e+08
    18663.7     10669.5    -29529.6
    -403036 9.53244e+07 3.87304e+07
    -834795 1.22548e+08   2.049e+08
    18653.8     10647.7    -29575.1
    -402509  9.5208e+07   3.838e+07
    -834830 1.22719e+08 2.05413e+08
    18643.9       10626    -29620.6
    -401982 9.50915e+07 3.80296e+07
    -834865  1.2289e+08 2.05926e+08
      18634     10604.2    -29666.1
    -401455 9.49751e+07 3.76792e+07
    -834900 1.23061e+08 2.06438e+08
    18624.1     10582.4    -29711.6
    -400928 9.48586e+07 3.73288e+07
    -834935 1.23232e+08 2.06951e+08
    18614.2     10560.7    -29757.1
    -400401 9.47422e+07 3.69784e+07
    -834970 1.23402e+08 2.07464e+08
    18604.3     10538.9    -29802.6
    -399874 9.46257e+07  3.6628e+07
    -835005 1.23573e+08 2.07977e+08
    18594.4     10517.1    -29848.2
    -399347 9.45093e+07 3.62776e+07
    -835040 1.23744e+08  2.0849e+08
    18584.5     10495.4    -29893.7
    -398820 9.43928e+07 3.59272e+07
    -835075 1.23915e+08 2.09003e+08
    18574.6     10473.6    -29939.2
    -398293 9.42764e+07 3.55768e+07
    -835110 1.24086e+08 2.09516e+08
    18564.7     10451.8    -29984.7
    -397766 9.41599e+07 3.52264e+07
    -835144 1.24257e+08 2.10029e+08
    18554.8       10430    -30030.2
    -397239 9.40435e+07  3.4876e+07
    -835179 1.24428e+08 2.10542e+08
    18544.9     10408.3    -30075.7
    -396712  9.3927e+07 3.45256e+07
    -835214 1.24599e+08 2.11054e+08
      18535     10386.5    -30121.2
    -396185 9.38106e+07 3.41752e+07
    -835249  1.2477e+08 2.11567e+08
    18525.1     10364.7    -30166.7
    -395658 9.36942e+07 3.38248e+07
    -835284 1.24941e+08  2.1208e+08
    18515.2       10343    -30212.2
    -395131 9.35777e+07 3.34744e+07
    -835319 1.25112e+08 2.12593e+08
    18505.3     10321.2    -30257.8
    -394604 9.34613e+07  3.3124e+07
    -835354 1.25283e+08 2.13106e+08
    18495.4     10299.4    -30303.3
    -394077 9.33448e+07 3.27736e+07
    -835389 1.25454e+08 2.13619e+08
    18485.5     10277.7    -30348.8
    -393550 9.32284e+07 3.24232e+07
    -835424 1.25625e+08 2.14132e+08
    18475.6     10255.9    -30394.3
    -393023 9.31119e+07 3.20728e+07
    -835459 1.25796e+08 2.14645e+08
    18465.7     10234.1    -30439.8
    -392496 9.29955e+07 3.17224e+07
    -835494 1.25967e+08 2.15158e+08
    18455.8     10212.4    -30485.3
    -391969  9.2879e+07  3.1372e+07
    -835529 1.26138e+08  2.1567e+08
    18445.9     10190.6    -30530.8
    -391442 9.27626e+07 3.10216e+07
    -835564 1.26308e+08 2.16183e+08
      18436     10168.8    -30576.3
    -390915 9.26461e+07 3.06712e+07
    -835599 1.26479e+08 2.16696e+08
    18426.1     10147.1    -30621.8
    -390388 9.25297e+07 3.03208e+07
    -835633  1.2665e+08 2.17209e+08
    18416.2     10125.3    -30667.4
    -389861 9.24132e+07 2.99704e+07
    -835668 1.26821e+08 2.17722e+08
    18406.3     10103.5    -30712.9
    -389334 9.22968e+07   2.962e+07
    -835703 1.26992e+08 2.18235e+08
    18396.5     10081.7    -30758.4
    -388806 9.21803e+07 2.92696e+07
    -835738 1.27163e+08 2.18748e+08
    18386.6       10060    -30803.9
    -388279 9.20639e+07 2.89192e+07
    -835773 1.27334e+08 2.19261e+08
    18376.7     10038.2    -30849.4
    -387752 9.19474e+07 2.85688e+07
    -835808 1.27505e+08 2.19774e+08
    18366.8     10016.4    -30894.9
    -387225  9.1831e+07 2.82184e+07
    -835843 1.27676e+08 2.20286e+08
    18356.9     9994.67    -30940.4
    -386698 9.17145e+07  2.7868e+07
    -835878 1.27847e+08 2.20799e+08
      18347      9972.9    -30985.9
    -386171 9.15981e+07 2.75176e+07
    -835913 1.28018e+08 2.21312e+08
    18337.1     9951.13    -31031.5
    -385644 9.14816e+07 2.71672e+07
    -835948 1.28189e+08 2.21825e+08
    18327.2     9929.36      -31077
    -385117 9.13652e+07 2.68168e+07
    -835983  1.2836e+08 2.22338e+08
    18317.3      9907.6    -31122.5
    -384590 9.12487e+07 2.64664e+07
    -836018 1.28531e+08 2.22851e+08
    18307.4     9885.83      -31168
    -384063 9.11323e+07  2.6116e+07
    -836053 1.28702e+08 2.23364e+08
    18297.5     9864.06    -31213.5
    -383536 9.10158e+07 2.57656e+07
    -836088 1.28873e+08 2.23877e+08
    18287.6     9842.29      -31259
    -383009 9.08994e+07 2.54152e+07
    -836122 1.29044e+08  2.2439e+08
    18277.7     9820.52    -31304.5
    -382482 9.07829e+07 2.50648e+07
    -836157 1.29214e+08 2.24902e+08
    18267.8     9798.75      -31350
    -381955 9.06665e+07 2.47144e+07
    -836192 1.29385e+08 2.25415e+08
    18257.9     9776.98    -31395.5
    -381428   9.055e+07  2.4364e+07
    -836227 1.29556e+08 2.25928e+08
      18248     9755.21    -31441.1
    -380901 9.04336e+07 2.40136e+07
    -836262 1.29727e+08 2.26441e+08
    18238.1     9733.45    -31486.6
    -380374 9.03171e+07 2.36632e+07
    -836297 1.29898e+08 2.26954e+08
    18228.2     9711.68    -31532.1
    -379847 9.02007e+07 2.33128e+07
    -836332 1.30069e+08 2.27467e+08
    18218.3     9689.91    -31577.6
    -379320 9.00842e+07 2.29624e+07
    -836367  1.3024e+08  2.2798e+08
    18208.4     9668.14    -31623.1
    -378793 8.99678e+07  2.2612e+07
    -836402 1.30411e+08 2.28493e+08
    18198.5     9646.37    -31668.6
