    -530575 1.23505e+08 1.23527e+08
    -826343 8.11802e+07   8.078e+07
    21048.9     15915.8    -18561.3
    -530511 1.23484e+08 1.23464e+08
    -826346 8.11961e+07 8.08279e+07
    21047.8     15909.8    -18576.7
    -530447 1.23463e+08 1.23401e+08
    -826350 8.12121e+07 8.08758e+07
    21046.6     15903.9    -18592.2
    -530382 1.23442e+08 1.23338e+08
    -826354 8.12281e+07 8.09237e+07
    21045.4     15897.9    -18607.6
    -530318 1.23421e+08 1.23275e+08
    -826357  8.1244e+07 8.09716e+07
    21044.2       15892    -18623.1
    -530254   1.234e+08 1.23212e+08
    -826361   8.126e+07 8.10195e+07
      21043     15886.1    -18638.5
    -530189 1.23379e+08 1.23149e+08
    -826365  8.1276e+07 8.10674e+07
    21041.8     15880.1      -18654
    -530125 1.23358e+08 1.23086e+08
    -826369 8.12919e+07 8.11154e+07
    21040.6     15874.2    -18669.4
    -530061 1.23337e+08 1.23022e+08
    -826372 8.13079e+07 8.11633e+07
    21039.4     15868.2    -18684.8
    -529996 1.23316e+08 1.22959e+08
    -826376 8.13239e+07 8.12112e+07
    21038.2     15862.3    -18700.3
    -529932 1.23295e+08 1.22896e+08
    -826380 8.13398e+07 8.12591e+07
      21037     15856.3    -18715.7
    -529868 1.23274e+08 1.22833e+08
    -826383 8.13558e+07  8.1307e+07
    21035.8     15850.4    -18731.2
    -529804 1.23253e+08  1.2277e+08
    -826387 8.13718e+07 8.13549e+07
    21034.6     15844.5    -18746.6
    -529739 1.23232e+08 1.22707e+08
    -826391 8.13877e+07 8.14028e+07
    21033.4     15838.5      -18762
    -529675 1.23211e+08 1.22644e+08
    -826395 8.14037e+07 8.14508e+07
    21032.2     15832.6    -18777.5
    -529611  1.2319e+08 1.22581e+08
    -826398 8.14197e+07 8.14987e+07
      21031     15826.6    -18792.9
    -529546 1.23169e+08 1.22518e+08
    -826402 8.14357e+07 8.15466e+07
    21029.9     15820.7    -18808.4
    -529482 1.23148e+08 1.22455e+08
    -826406 8.14516e+07 8.15945e+07
    21028.7     15814.7    -18823.8
    -529418 1.23127e+08 1.22391e+08
    -826409 8.14676e+07 8.16424e+07
    21027.5     15808.8    -18839.3
    -529353 1.23106e+08 1.22328e+08
    -826413 8.14836e+07 8.16903e+07
    21026.3     15802.9    -18854.7
    -529289 1.23085e+08 1.22265e+08
    -826417 8.14995e+07 8.17382e+07
    21025.1     15796.9    -18870.1
    -529225 1.23064e+08 1.22202e+08
    -826421 8.15155e+07 8.17862e+07
    21023.9       15791    -18885.6
    -529161 1.23043e+08 1.22139e+08
    -826424 8.15315e+07 8.18341e+07
    21022.7       15785      -18901
    -529096 1.23022e+08 1.22076e+08
    -826428 8.15474e+07  8.1882e+07
    21021.5     15779.1    -18916.5
    -529032 1.23001e+08 1.22013e+08
    -826432 8.15634e+07 8.19299e+07
    21020.3     15773.1    -18931.9
    -528968  1.2298e+08  1.2195e+08
    -826435 8.15794e+07 8.19778e+07
    21019.1     15767.2    -18947.3
    -528903 1.22959e+08 1.21887e+08
    -826439 8.15953e+07 8.20257e+07
    21017.9     15761.3    -18962.8
    -528839 1.22938e+08 1.21823e+08
    -826443 8.16113e+07 8.20736e+07
    21016.7     15755.3    -18978.2
    -528775 1.22917e+08  1.2176e+08
    -826446 8.16273e+07 8.21216e+07
    21015.5     15749.4    -18993.7
    -528710 1.22896e+08 1.21697e+08
    -826450 8.16432e+07 8.21695e+07
    21014.3     15743.4    -19009.1
    -528646 1.22875e+08 1.21634e+08
    -826454 8.16592e+07 8.22174e+07
    21013.1     15737.5    -19024.5
    -528582 1.22854e+08 1.21571e+08
    -826458 8.16752e+07 8.22653e+07
      21012     15731.5      -19040
    -528518 1.22833e+08 1.21508e+08
    -826461 8.16912e+07 8.23132e+07
    21010.8     15725.6    -19055.4
    -528453 1.22812e+08 1.21445e+08
    -826465 8.17071e+07 8.23611e+07
    21009.6     15719.7    -19070.9
    -528389 1.22791e+08 1.21382e+08
    -826469 8.17231e+07  8.2409e+07
    21008.4     15713.7    -19086.3
    -528325  1.2277e+08 1.21319e+08
    -826472 8.17391e+07  8.2457e+07
    21007.2     15707.8    -19101.8
    -528260 1.22749e+08 1.21256e+08
    -826476  8.1755e+07 8.25049e+07
      21006     15701.8    -19117.2
    -528196 1.22728e+08 1.21192e+08
    -826480  8.1771e+07 8.25528e+07
    21004.8     15695.9    -19132.6
    -528132 1.22707e+08 1.21129e+08
    -826484  8.1787e+07 8.26007e+07
    21003.6     15689.9    -19148.1
    -528067 1.22686e+08 1.21066e+08
    -826487 8.18029e+07 8.26486e+07
    21002.4       15684    -19163.5
    -528003 1.22665e+08 1.21003e+08
    -826491 8.18189e+07 8.26965e+07
    21001.2     15678.1      -19179
    -527939 1.22644e+08  1.2094e+08
    -826495 8.18349e+07 8.27444e+07
      21000     15672.1    -19194.4
    -527875 1.22623e+08 1.20877e+08
    -826498 8.18508e+07 8.27924e+07
    20998.8     15666.2    -19209.8
    -527810 1.22602e+08 1.20814e+08
    -826502 8.18668e+07 8.28403e+07
    20997.6     15660.2    -19225.3
    -527746 1.22581e+08 1.20751e+08
    -826506 8.18828e+07 8.28882e+07
    20996.4     15654.3    -19240.7
    -527682  1.2256e+08 1.20688e+08
    -826510 8.18988e+07 8.29361e+07
    20995.2     15648.3    -19256.2
    -527617 1.22539e+08 1.20624e+08
    -826513 8.19147e+07  8.2984e+07
    20994.1     15642.4    -19271.6
    -527553 1.22518e+08 1.20561e+08
    -826517 8.19307e+07 8.30319e+07
    20992.9     15636.5    -19287.1
    -527489 1.22497e+08 1.20498e+08
    -826521 8.19467e+07 8.30798e+07
    20991.7     15630.5    -19302.5
    -527424 1.22476e+08 1.20435e+08
    -826524 8.19626e+07 8.31278e+07
    20990.5     15624.6    -19317.9
    -527360 1.22455e+08 1.20372e+08
    -826528 8.19786e+07 8.31757e+07
    20989.3     15618.6    -19333.4
    -527296 1.22434e+08 1.20309e+08
    -826532 8.19946e+07 8.32236e+07
    20988.1     15612.7    -19348.8
    -527232 1.22413e+08 1.20246e+08
    -826535 8.20105e+07 8.32715e+07
    20986.9     15606.7    -19364.3
    -527167 1.22392e+08 1.20183e+08
    -826539 8.20265e+07 8.33194e+07
    20985.7     15600.8    -19379.7
    -527103 1.22371e+08  1.2012e+08
    -826543 8.20425e+07 8.33673e+07
    20984.5     15594.9    -19395.1
    -527039  1.2235e+08 1.20057e+08
    -826547 8.20584e+07 8.34152e+07
    20983.3     15588.9    -19410.6
    -526974 1.22329e+08 1.19993e+08
    -826550 8.20744e+07 8.34632e+07
    20982.1       15583      -19426
    -526910 1.22308e+08  1.1993e+08
    -826554 8.20904e+07 8.35111e+07
    20980.9       15577    -19441.5
    -526846 1.22287e+08 1.19867e+08
    -826558 8.21063e+07  8.3559e+07
    20979.7     15571.1    -19456.9
    -526781 1.22266e+08 1.19804e+08
    -826561 8.21223e+07 8.36069e+07
    20978.5     15565.2    -19472.3
    -526717 1.22245e+08 1.19741e+08
    -826565 8.21383e+07 8.36548e+07
    20977.3     15559.2    -19487.8
    -526653 1.22225e+08 1.19678e+08
    -826569 8.21543e+07 8.37027e+07
    20976.2     15553.3    -19503.2
    -526589 1.22204e+08 1.19615e+08
    -826573 8.21702e+07 8.37506e+07
      20975     15547.3    -19518.7
    -526524 1.22183e+08 1.19552e+08
    -826576 8.21862e+07 8.37986e+07
    20973.8     15541.4    -19534.1
    -526460 1.22162e+08 1.19489e+08
    -826580 8.22022e+07 8.38465e+07
    20972.6     15535.4    -19549.6
    -526396 1.22141e+08 1.19425e+08
    -826584 8.22181e+07 8.38944e+07
    20971.4     15529.5      -19565
    -526331  1.2212e+08 1.19362e+08
    -826587 8.22341e+07 8.39423e+07
    20970.2     15523.6    -19580.4
    -526267 1.22099e+08 1.19299e+08
    -826591 8.22501e+07 8.39902e+07
      20969     15517.6    -19595.9
    -526203 1.22078e+08 1.19236e+08
    -826595  8.2266e+07 8.40381e+07
    20967.8     15511.7    -19611.3
    -526138 1.22057e+08 1.19173e+08
    -826599  8.2282e+07  8.4086e+07
    20966.6     15505.7    -19626.8
    -526074 1.22036e+08  1.1911e+08
    -826602  8.2298e+07  8.4134e+07
    20965.4     15499.8    -19642.2
    -526010 1.22015e+08 1.19047e+08
    -826606 8.23139e+07 8.41819e+07
    20964.2     15493.8    -19657.6
    -525946 1.21994e+08 1.18984e+08
    -826610 8.23299e+07 8.42298e+07
      20963     15487.9    -19673.1
    -525881 1.21973e+08 1.18921e+08
    -826613 8.23459e+07 8.42777e+07
    20961.8       15482    -19688.5
    -525817 1.21952e+08 1.18858e+08
    -826617 8.23619e+07 8.43256e+07
    20960.6       15476      -19704
    -525753 1.21931e+08 1.18794e+08
    -826621 8.23778e+07 8.43735e+07
    20959.4     15470.1    -19719.4
    -525688  1.2191e+08 1.18731e+08
    -826624 8.23938e+07 8.44214e+07
    20958.3     15464.1    -19734.9
    -525624 1.21889e+08 1.18668e+08
    -826628 8.24098e+07 8.44694e+07
    20957.1     15458.2    -19750.3
    -525560 1.21868e+08 1.18605e+08
    -826632 8.24257e+07 8.45173e+07
    20955.9     15452.2    -19765.7
    -525495 1.21847e+08 1.18542e+08
    -826636 8.24417e+07 8.45652e+07
    20954.7     15446.3    -19781.2
    -525431 1.21826e+08 1.18479e+08
    -826639 8.24577e+07 8.46131e+07
    20953.5     15440.4    -19796.6
    -525367 1.21805e+08 1.18416e+08
    -826643 8.24736e+07  8.4661e+07
    20952.3     15434.4    -19812.1
    -525303 1.21784e+08 1.18353e+08
    -826647 8.24896e+07 8.47089e+07
    20951.1     15428.5    -19827.5
    -525238 1.21763e+08  1.1829e+08
    -826650 8.25056e+07 8.47568e+07
    20949.9     15422.5    -19842.9
    -525174 1.21742e+08 1.18226e+08
    -826654 8.25215e+07 8.48048e+07
    20948.7     15416.6    -19858.4
    -525110 1.21721e+08 1.18163e+08
    -826658 8.25375e+07 8.48527e+07
    20947.5     15410.6    -19873.8
    -525045   1.217e+08   1.181e+08
    -826662 8.25535e+07 8.49006e+07
    20946.3     15404.7    -19889.3
    -524981 1.21679e+08 1.18037e+08
    -826665 8.25694e+07 8.49485e+07
    20945.1     15398.8    -19904.7
    -524917 1.21658e+08 1.17974e+08
    -826669 8.25854e+07 8.49964e+07
    20943.9     15392.8    -19920.2
    -524852 1.21637e+08 1.17911e+08
    -826673 8.26014e+07 8.50443e+07
    20942.7     15386.9    -19935.6
    -524788 1.21616e+08 1.17848e+08
    -826676 8.26174e+07 8.50922e+07
    20941.5     15380.9      -19951
    -524724 1.21595e+08 1.17785e+08
    -826680 8.26333e+07 8.51402e+07
    20940.4       15375    -19966.5
    -524660 1.21574e+08 1.17722e+08
    -826684 8.26493e+07 8.51881e+07
    20939.2       15369    -19981.9
    -524595 1.21553e+08 1.17659e+08
    -826687 8.26653e+07  8.5236e+07
      20938     15363.1    -19997.4
    -524531 1.21532e+08 1.17595e+08
    -826691 8.26812e+07 8.52839e+07
    20936.8     15357.2    -20012.8
    -524467 1.21511e+08 1.17532e+08
    -826695 8.26972e+07 8.53318e+07
    20935.6     15351.2    -20028.2
    -524402  1.2149e+08 1.17469e+08
    -826699 8.27132e+07 8.53797e+07
    20934.4     15345.3    -20043.7
    -524338 1.21469e+08 1.17406e+08
    -826702 8.27291e+07 8.54276e+07
    20933.2     15339.3    -20059.1
    -524274 1.21448e+08 1.17343e+08
    -826706 8.27451e+07 8.54756e+07
      20932     15333.4    -20074.6
    -524209 1.21427e+08  1.1728e+08
    -826710 8.27611e+07 8.55235e+07
    20930.8     15327.4      -20090
    -524145 1.21406e+08 1.17217e+08
    -826713  8.2777e+07 8.55714e+07
    20929.6     15321.5    -20105.4
    -524081 1.21385e+08 1.17154e+08
    -826717  8.2793e+07 8.56193e+07
    20928.4     15315.6    -20120.9
    -524017 1.21364e+08 1.17091e+08
    -826721  8.2809e+07 8.56672e+07
    20927.2     15309.6    -20136.3
    -523952 1.21343e+08 1.17027e+08
    -826725 8.28249e+07 8.57151e+07
      20926     15303.7    -20151.8
    -523888 1.21322e+08 1.16964e+08
    -826728 8.28409e+07  8.5763e+07
    20924.8     15297.7    -20167.2
    -523824 1.21301e+08 1.16901e+08
    -826732 8.28569e+07 8.58109e+07
    20923.7     15291.8    -20182.7
    -523759  1.2128e+08 1.16838e+08
    -826736 8.28729e+07 8.58589e+07
    20922.5     15285.8    -20198.1
    -523695 1.21259e+08 1.16775e+08
    -826739 8.28888e+07 8.59068e+07
    20921.3     15279.9    -20213.5
    -523631 1.21238e+08 1.16712e+08
    -826743 8.29048e+07 8.59547e+07
    20920.1       15274      -20229
    -523566 1.21217e+08 1.16649e+08
    -826747 8.29208e+07 8.60026e+07
    20918.9       15268    -20244.4
    -523502 1.21196e+08 1.16586e+08
    -826751 8.29367e+07 8.60505e+07
    20917.7     15262.1    -20259.9
    -523438 1.21175e+08 1.16523e+08
    -826754 8.29527e+07 8.60984e+07
    20916.5     15256.1    -20275.3
    -523374 1.21154e+08  1.1646e+08
    -826758 8.29687e+07 8.61463e+07
    20915.3     15250.2    -20290.7
    -523309 1.21133e+08 1.16396e+08
    -826762 8.29846e+07 8.61943e+07
    20914.1     15244.2    -20306.2
    -523245 1.21112e+08 1.16333e+08
    -826765 8.30006e+07 8.62422e+07
    20912.9     15238.3    -20321.6
    -523181 1.21091e+08  1.1627e+08
    -826769 8.30166e+07 8.62901e+07
    20911.7     15232.4    -20337.1
    -523116  1.2107e+08 1.16207e+08
    -826773 8.30325e+07  8.6338e+07
    20910.5     15226.4    -20352.5
    -523052 1.21049e+08 1.16144e+08
    -826776 8.30485e+07 8.63859e+07
    20909.3     15220.5      -20368
    -522988 1.21028e+08 1.16081e+08
    -826780 8.30645e+07 8.64338e+07
    20908.1     15214.5    -20383.4
    -522923 1.21007e+08 1.16018e+08
    -826784 8.30805e+07 8.64817e+07
    20906.9     15208.6    -20398.8
    -522859 1.20986e+08 1.15955e+08
    -826788 8.30964e+07 8.65297e+07
    20905.8     15202.6    -20414.3
    -522795 1.20965e+08 1.15892e+08
    -826791 8.31124e+07 8.65776e+07
    20904.6     15196.7    -20429.7
    -522731 1.20944e+08 1.15828e+08
    -826795 8.31284e+07 8.66255e+07
    20903.4     15190.8    -20445.2
    -522666 1.20923e+08 1.15765e+08
    -826799 8.31443e+07 8.66734e+07
    20902.2     15184.8    -20460.6
    -522602 1.20902e+08 1.15702e+08
    -826802 8.31603e+07 8.67213e+07
      20901     15178.9      -20476
    -522538 1.20881e+08 1.15639e+08
    -826806 8.31763e+07 8.67692e+07
    20899.8     15172.9    -20491.5
    -522473  1.2086e+08 1.15576e+08
    -826810 8.31922e+07 8.68171e+07
    20898.6       15167    -20506.9
    -522409 1.20839e+08 1.15513e+08
    -826814 8.32082e+07 8.68651e+07
    20897.4       15161    -20522.4
    -522345 1.20818e+08  1.1545e+08
    -826817 8.32242e+07  8.6913e+07
    20896.2     15155.1    -20537.8
    -522280 1.20797e+08 1.15387e+08
    -826821 8.32401e+07 8.69609e+07
      20895     15149.2    -20553.2
    -522216 1.20776e+08 1.15324e+08
    -826825 8.32561e+07 8.70088e+07
    20893.8     15143.2    -20568.7
    -522152 1.20755e+08 1.15261e+08
    -826828 8.32721e+07 8.70567e+07
    20892.6     15137.3    -20584.1
    -522088 1.20734e+08 1.15197e+08
    -826832  8.3288e+07 8.71046e+07
    20891.4     15131.3    -20599.6
    -522023 1.20713e+08 1.15134e+08
    -826836  8.3304e+07 8.71525e+07
    20890.2     15125.4      -20615
    -521959 1.20692e+08 1.15071e+08
    -826840   8.332e+07 8.72005e+07
      20889     15119.5    -20630.5
    -521895 1.20671e+08 1.15008e+08
    -826843  8.3336e+07 8.72484e+07
    20887.9     15113.5    -20645.9
    -521830  1.2065e+08 1.14945e+08
    -826847 8.33519e+07 8.72963e+07
    20886.7     15107.6    -20661.3
    -521766 1.20629e+08 1.14882e+08
    -826851 8.33679e+07 8.73442e+07
    20885.5     15101.6    -20676.8
    -521702 1.20608e+08 1.14819e+08
    -826854 8.33839e+07 8.73921e+07
    20884.3     15095.7    -20692.2
    -521637 1.20587e+08 1.14756e+08
    -826858 8.33998e+07   8.744e+07
    20883.1     15089.7    -20707.7
    -521573 1.20566e+08 1.14693e+08
    -826862 8.34158e+07 8.74879e+07
    20881.9     15083.8    -20723.1
    -521509 1.20545e+08 1.14629e+08
    -826865 8.34318e+07 8.75359e+07
    20880.7     15077.9    -20738.5
    -521445 1.20524e+08 1.14566e+08
    -826869 8.34477e+07 8.75838e+07
    20879.5     15071.9      -20754
    -521380 1.20503e+08 1.14503e+08
    -826873 8.34637e+07 8.76317e+07
    20878.3       15066    -20769.4
    -521316 1.20482e+08  1.1444e+08
    -826877 8.34797e+07 8.76796e+07
    20877.1       15060    -20784.9
    -521252 1.20461e+08 1.14377e+08
    -826880 8.34956e+07 8.77275e+07
    20875.9     15054.1    -20800.3
    -521187  1.2044e+08 1.14314e+08
    -826884 8.35116e+07 8.77754e+07
    20874.7     15048.1    -20815.8
    -521123 1.20419e+08 1.14251e+08
    -826888 8.35276e+07 8.78233e+07
    20873.5     15042.2    -20831.2
    -521059 1.20398e+08 1.14188e+08
    -826891 8.35435e+07 8.78713e+07
    20872.3     15036.3    -20846.6
    -520994 1.20377e+08 1.14125e+08
    -826895 8.35595e+07 8.79192e+07
    20871.1     15030.3    -20862.1
    -520930 1.20356e+08 1.14062e+08
    -826899 8.35755e+07 8.79671e+07
      20870     15024.4    -20877.5
    -520866 1.20335e+08 1.13998e+08
    -826903 8.35915e+07  8.8015e+07
    20868.8     15018.4      -20893
    -520802 1.20314e+08 1.13935e+08
    -826906 8.36074e+07 8.80629e+07
    20867.6     15012.5    -20908.4
    -520737 1.20293e+08 1.13872e+08
    -826910 8.36234e+07 8.81108e+07
    20866.4     15006.5    -20923.8
    -520673 1.20272e+08 1.13809e+08
    -826914 8.36394e+07 8.81587e+07
    20865.2     15000.6    -20939.3
    -520609 1.20251e+08 1.13746e+08
    -826917 8.36553e+07 8.82067e+07
      20864     14994.7    -20954.7
    -520544  1.2023e+08 1.13683e+08
    -826921 8.36713e+07 8.82546e+07
    20862.8     14988.7    -20970.2
    -520480 1.20209e+08  1.1362e+08
    -826925 8.36873e+07 8.83025e+07
    20861.6     14982.8    -20985.6
    -520416 1.20188e+08 1.13557e+08
    -826928 8.37032e+07 8.83504e+07
    20860.4     14976.8      -21001
    -520351 1.20167e+08 1.13494e+08
    -826932 8.37192e+07 8.83983e+07
    20859.2     14970.9    -21016.5
    -520287 1.20146e+08  1.1343e+08
    -826936 8.37352e+07 8.84462e+07
      20858     14964.9    -21031.9
    -520223 1.20125e+08 1.13367e+08
    -826940 8.37511e+07 8.84941e+07
    20856.8       14959    -21047.4
    -520159 1.20104e+08 1.13304e+08
    -826943 8.37671e+07 8.85421e+07
    20855.6     14953.1    -21062.8
    -520094 1.20083e+08 1.13241e+08
    -826947 8.37831e+07   8.859e+07
    20854.4     14947.1    -21078.3
    -520030 1.20062e+08 1.13178e+08
    -826951 8.37991e+07 8.86379e+07
    20853.2     14941.2    -21093.7
    -519966 1.20041e+08 1.13115e+08
    -826954  8.3815e+07 8.86858e+07
    20852.1     14935.2    -21109.1
    -519901  1.2002e+08 1.13052e+08
    -826958  8.3831e+07 8.87337e+07
    20850.9     14929.3    -21124.6
    -519837 1.19999e+08 1.12989e+08
    -826962  8.3847e+07 8.87816e+07
    20849.7     14923.3      -21140
    -519773 1.19978e+08 1.12926e+08
    -826966 8.38629e+07 8.88295e+07
    20848.5     14917.4    -21155.5
    -519708 1.19957e+08 1.12863e+08
    -826969 8.38789e+07 8.88775e+07
    20847.3     14911.5    -21170.9
    -519644 1.19936e+08 1.12799e+08
    -826973 8.38949e+07 8.89254e+07
    20846.1     14905.5    -21186.3
    -519580 1.19915e+08 1.12736e+08
    -826977 8.39108e+07 8.89733e+07
    20844.9     14899.6    -21201.8
    -519516 1.19894e+08 1.12673e+08
    -826980 8.39268e+07 8.90212e+07
    20843.7     14893.6    -21217.2
    -519451 1.19873e+08  1.1261e+08
    -826984 8.39428e+07 8.90691e+07
    20842.5     14887.7    -21232.7
    -519387 1.19852e+08 1.12547e+08
    -826988 8.39587e+07  8.9117e+07
    20841.3     14881.7    -21248.1
    -519323 1.19831e+08 1.12484e+08
    -826992 8.39747e+07 8.91649e+07
    20840.1     14875.8    -21263.6
    -519258  1.1981e+08 1.12421e+08
    -826995 8.39907e+07 8.92129e+07
    20838.9     14869.9      -21279
    -519194 1.19789e+08 1.12358e+08
    -826999 8.40066e+07 8.92608e+07
    20837.7     14863.9    -21294.4
    -519130 1.19768e+08 1.12295e+08
    -827003 8.40226e+07 8.93087e+07
    20836.5       14858    -21309.9
    -519065 1.19747e+08 1.12231e+08
    -827006 8.40386e+07 8.93566e+07
    20835.3       14852    -21325.3
    -519001 1.19726e+08 1.12168e+08
    -827010 8.40546e+07 8.94045e+07
    20834.2     14846.1    -21340.8
    -518937 1.19705e+08 1.12105e+08
    -827014 8.40705e+07 8.94524e+07
      20833     14840.1    -21356.2
    -518873 1.19684e+08 1.12042e+08
    -827017 8.40865e+07 8.95003e+07
    20831.8     14834.2    -21371.6
    -518808 1.19663e+08 1.11979e+08
    -827021 8.41025e+07 8.95483e+07
    20830.6     14828.3    -21387.1
    -518744 1.19642e+08 1.11916e+08
    -827025 8.41184e+07 8.95962e+07
    20829.4     14822.3    -21402.5
    -518680 1.19621e+08 1.11853e+08
    -827029 8.41344e+07 8.96441e+07
    20828.2     14816.4      -21418
    -518615   1.196e+08  1.1179e+08
    -827032 8.41504e+07  8.9692e+07
      20827     14810.4    -21433.4
    -518551 1.19579e+08 1.11727e+08
    -827036 8.41663e+07 8.97399e+07
    20825.8     14804.5    -21448.9
    -518487 1.19558e+08 1.11664e+08
    -827040 8.41823e+07 8.97878e+07
    20824.6     14798.5    -21464.3
    -518422 1.19537e+08   1.116e+08
    -827043 8.41983e+07 8.98357e+07
    20823.4     14792.6    -21479.7
    -518358 1.19517e+08 1.11537e+08
    -827047 8.42142e+07 8.98837e+07
    20822.2     14786.7    -21495.2
    -518294 1.19496e+08 1.11474e+08
    -827051 8.42302e+07 8.99316e+07
      20821     14780.7    -21510.6
    -518229 1.19475e+08 1.11411e+08
    -827055 8.42462e+07 8.99795e+07
    20819.8     14774.8    -21526.1
    -518165 1.19454e+08 1.11348e+08
    -827058 8.42621e+07 9.00274e+07
    20818.6     14768.8    -21541.5
    -518101 1.19433e+08 1.11285e+08
    -827062 8.42781e+07 9.00753e+07
    20817.4     14762.9    -21556.9
    -518037 1.19412e+08 1.11222e+08
    -827066 8.42941e+07 9.01232e+07
    20816.3     14756.9    -21572.4
    -517972 1.19391e+08 1.11159e+08
    -827069 8.43101e+07 9.01711e+07
    20815.1       14751    -21587.8
    -517908  1.1937e+08 1.11096e+08
    -827073  8.4326e+07 9.02191e+07
    20813.9     14745.1    -21603.3
    -517844 1.19349e+08 1.11032e+08
    -827077  8.4342e+07  9.0267e+07
    20812.7     14739.1    -21618.7
    -517779 1.19328e+08 1.10969e+08
    -827081  8.4358e+07 9.03149e+07
    20811.5     14733.2    -21634.1
    -517715 1.19307e+08 1.10906e+08
    -827084 8.43739e+07 9.03628e+07
    20810.3     14727.2    -21649.6
    -517651 1.19286e+08 1.10843e+08
    -827088 8.43899e+07 9.04107e+07
    20809.1     14721.3      -21665
    -517586 1.19265e+08  1.1078e+08
    -827092 8.44059e+07 9.04586e+07
    20807.9     14715.3    -21680.5
    -517522 1.19244e+08 1.10717e+08
    -827095 8.44218e+07 9.05065e+07
    20806.7     14709.4    -21695.9
    -517458 1.19223e+08 1.10654e+08
    -827099 8.44378e+07 9.05544e+07
    20805.5     14703.5    -21711.4
    -517394 1.19202e+08 1.10591e+08
    -827103 8.44538e+07 9.06024e+07
    20804.3     14697.5    -21726.8
    -517329 1.19181e+08 1.10528e+08
    -827106 8.44697e+07 9.06503e+07
    20803.1     14691.6    -21742.2
    -517265  1.1916e+08 1.10465e+08
    -827110 8.44857e+07 9.06982e+07
    20801.9     14685.6    -21757.7
    -517201 1.19139e+08 1.10401e+08
    -827114 8.45017e+07 9.07461e+07
    20800.7     14679.7    -21773.1
    -517136 1.19118e+08 1.10338e+08
    -827118 8.45177e+07  9.0794e+07
    20799.5     14673.8    -21788.6
    -517072 1.19097e+08 1.10275e+08
    -827121 8.45336e+07 9.08419e+07
    20798.4     14667.8      -21804
    -517008 1.19076e+08 1.10212e+08
    -827125 8.45496e+07 9.08898e+07
    20797.2     14661.9    -21819.4
    -516943 1.19055e+08 1.10149e+08
    -827129 8.45656e+07 9.09378e+07
      20796     14655.9    -21834.9
    -516879 1.19034e+08 1.10086e+08
    -827132 8.45815e+07 9.09857e+07
    20794.8       14650    -21850.3
    -516815 1.19013e+08 1.10023e+08
    -827136 8.45975e+07 9.10336e+07
    20793.6       14644    -21865.8
    -516751 1.18992e+08  1.0996e+08
    -827140 8.46135e+07 9.10815e+07
    20792.4     14638.1    -21881.2
    -516686 1.18971e+08 1.09897e+08
    -827144 8.46294e+07 9.11294e+07
    20791.2     14632.2    -21896.7
    -516622  1.1895e+08 1.09833e+08
    -827147 8.46454e+07 9.11773e+07
      20790     14626.2    -21912.1
    -516558 1.18929e+08  1.0977e+08
    -827151 8.46614e+07 9.12252e+07
    20788.8     14620.3    -21927.5
    -516493 1.18908e+08 1.09707e+08
    -827155 8.46773e+07 9.12732e+07
    20787.6     14614.3      -21943
    -516429 1.18887e+08 1.09644e+08
    -827158 8.46933e+07 9.13211e+07
    20786.4     14608.4    -21958.4
    -516365 1.18866e+08 1.09581e+08
    -827162 8.47093e+07  9.1369e+07
    20785.2     14602.4    -21973.9
    -516300 1.18845e+08 1.09518e+08
    -827166 8.47252e+07 9.14169e+07
      20784     14596.5    -21989.3
    -516236 1.18824e+08 1.09455e+08
    -827170 8.47412e+07 9.14648e+07
    20782.8     14590.6    -22004.7
    -516172 1.18803e+08 1.09392e+08
    -827173 8.47572e+07 9.15127e+07
    20781.6     14584.6    -22020.2
    -516108 1.18782e+08 1.09329e+08
    -827177 8.47732e+07 9.15606e+07
    20780.5     14578.7    -22035.6
    -516043 1.18761e+08 1.09266e+08
    -827181 8.47891e+07 9.16086e+07
    20779.3     14572.7    -22051.1
    -515979  1.1874e+08 1.09202e+08
    -827184 8.48051e+07 9.16565e+07
    20778.1     14566.8    -22066.5
    -515915 1.18719e+08 1.09139e+08
    -827188 8.48211e+07 9.17044e+07
    20776.9     14560.8    -22081.9
    -515850 1.18698e+08 1.09076e+08
    -827192  8.4837e+07 9.17523e+07
    20775.7     14554.9    -22097.4
    -515786 1.18677e+08 1.09013e+08
    -827195  8.4853e+07 9.18002e+07
    20774.5       14549    -22112.8
    -515722 1.18656e+08  1.0895e+08
    -827199  8.4869e+07 9.18481e+07
    20773.3       14543    -22128.3
    -515657 1.18635e+08 1.08887e+08
    -827203 8.48849e+07  9.1896e+07
    20772.1     14537.1    -22143.7
    -515593 1.18614e+08 1.08824e+08
    -827207 8.49009e+07  9.1944e+07
    20770.9     14531.1    -22159.2
    -515529 1.18593e+08 1.08761e+08
    -827210 8.49169e+07 9.19919e+07
    20769.7     14525.2    -22174.6
    -515465 1.18572e+08 1.08698e+08
    -827214 8.49328e+07 9.20398e+07
    20768.5     14519.2      -22190
    -515400 1.18551e+08 1.08634e+08
    -827218 8.49488e+07 9.20877e+07
    20767.3     14513.3    -22205.5
    -515336  1.1853e+08 1.08571e+08
    -827221 8.49648e+07 9.21356e+07
    20766.1     14507.4    -22220.9
    -515272 1.18509e+08 1.08508e+08
    -827225 8.49808e+07 9.21835e+07
    20764.9     14501.4    -22236.4
    -515207 1.18488e+08 1.08445e+08
    -827229 8.49967e+07 9.22314e+07
    20763.7     14495.5    -22251.8
    -515143 1.18467e+08 1.08382e+08
    -827233 8.50127e+07 9.22794e+07
    20762.6     14489.5    -22267.2
    -515079 1.18446e+08 1.08319e+08
    -827236 8.50287e+07 9.23273e+07
    20761.4     14483.6    -22282.7
    -515014 1.18425e+08 1.08256e+08
    -827240 8.50446e+07 9.23752e+07
    20760.2     14477.6    -22298.1
    -514950 1.18404e+08 1.08193e+08
    -827244 8.50606e+07 9.24231e+07
      20759     14471.7    -22313.6
    -514886 1.18383e+08  1.0813e+08
    -827247 8.50766e+07  9.2471e+07
    20757.8     14465.8      -22329
    -514822 1.18362e+08 1.08067e+08
    -827251 8.50925e+07 9.25189e+07
    20756.6     14459.8    -22344.5
    -514757 1.18341e+08 1.08003e+08
    -827255 8.51085e+07 9.25668e+07
    20755.4     14453.9    -22359.9
    -514693  1.1832e+08  1.0794e+08
    -827258 8.51245e+07 9.26148e+07
    20754.2     14447.9    -22375.3
    -514629 1.18299e+08 1.07877e+08
    -827262 8.51404e+07 9.26627e+07
      20753       14442    -22390.8
    -514564 1.18278e+08 1.07814e+08
    -827266 8.51564e+07 9.27106e+07
    20751.8       14436    -22406.2
    -514500 1.18257e+08 1.07751e+08
    -827270 8.51724e+07 9.27585e+07
    20750.6     14430.1    -22421.7
    -514436 1.18236e+08 1.07688e+08
    -827273 8.51883e+07 9.28064e+07
    20749.4     14424.2    -22437.1
    -514371 1.18215e+08 1.07625e+08
    -827277 8.52043e+07 9.28543e+07
    20748.2     14418.2    -22452.5
    -514307 1.18194e+08 1.07562e+08
    -827281 8.52203e+07 9.29022e+07
      20747     14412.3      -22468
    -514243 1.18173e+08 1.07499e+08
    -827284 8.52363e+07 9.29502e+07
    20745.8     14406.3    -22483.4
    -514179 1.18152e+08 1.07435e+08
    -827288 8.52522e+07 9.29981e+07
    20744.7     14400.4    -22498.9
    -514114 1.18131e+08 1.07372e+08
    -827292 8.52682e+07  9.3046e+07
    20743.5     14394.4    -22514.3
    -514050  1.1811e+08 1.07309e+08
    -827296 8.52842e+07 9.30939e+07
    20742.3     14388.5    -22529.8
    -513986 1.18089e+08 1.07246e+08
    -827299 8.53001e+07 9.31418e+07
    20741.1     14382.6    -22545.2
    -513921 1.18068e+08 1.07183e+08
    -827303 8.53161e+07 9.31897e+07
    20739.9     14376.6    -22560.6
    -513857 1.18047e+08  1.0712e+08
    -827307 8.53321e+07 9.32376e+07
    20738.7     14370.7    -22576.1
    -513793 1.18026e+08 1.07057e+08
    -827310  8.5348e+07 9.32856e+07
    20737.5     14364.7    -22591.5
    -513728 1.18005e+08 1.06994e+08
    -827314  8.5364e+07 9.33335e+07
    20736.3     14358.8      -22607
    -513664 1.17984e+08 1.06931e+08
    -827318   8.538e+07 9.33814e+07
    20735.1     14352.8    -22622.4
    -513600 1.17963e+08 1.06868e+08
    -827322 8.53959e+07 9.34293e+07
    20733.9     14346.9    -22637.8
    -513536 1.17942e+08 1.06804e+08
    -827325 8.54119e+07 9.34772e+07
    20732.7       14341    -22653.3
    -513471 1.17921e+08 1.06741e+08
    -827329 8.54279e+07 9.35251e+07
    20731.5       14335    -22668.7
    -513407   1.179e+08 1.06678e+08
    -827333 8.54438e+07  9.3573e+07
    20730.3     14329.1    -22684.2
    -513343 1.17879e+08 1.06615e+08
    -827336 8.54598e+07  9.3621e+07
    20729.1     14323.1    -22699.6
    -513278 1.17858e+08 1.06552e+08
    -827340 8.54758e+07 9.36689e+07
      20728     14317.2      -22715
    -513214 1.17837e+08 1.06489e+08
    -827344 8.54918e+07 9.37168e+07
    20726.8     14311.2    -22730.5
    -513150 1.17816e+08 1.06426e+08
    -827347 8.55077e+07 9.37647e+07
    20725.6     14305.3    -22745.9
    -513085 1.17795e+08 1.06363e+08
    -827351 8.55237e+07 9.38126e+07
    20724.4     14299.4    -22761.4
    -513021 1.17774e+08   1.063e+08
    -827355 8.55397e+07 9.38605e+07
    20723.2     14293.4    -22776.8
    -512957 1.17753e+08 1.06236e+08
    -827359 8.55556e+07 9.39084e+07
      20722     14287.5    -22792.3
    -512893 1.17732e+08 1.06173e+08
    -827362 8.55716e+07 9.39564e+07
    20720.8     14281.5    -22807.7
    -512828 1.17711e+08  1.0611e+08
    -827366 8.55876e+07 9.40043e+07
    20719.6     14275.6    -22823.1
    -512764  1.1769e+08 1.06047e+08
    -827370 8.56035e+07 9.40522e+07
    20718.4     14269.6    -22838.6
    -512700 1.17669e+08 1.05984e+08
    -827373 8.56195e+07 9.41001e+07
    20717.2     14263.7      -22854
    -512635 1.17648e+08 1.05921e+08
    -827377 8.56355e+07  9.4148e+07
      20716     14257.8    -22869.5
    -512571 1.17627e+08 1.05858e+08
    -827381 8.56514e+07 9.41959e+07
    20714.8     14251.8    -22884.9
    -512507 1.17606e+08 1.05795e+08
    -827385 8.56674e+07 9.42438e+07
    20713.6     14245.9    -22900.3
    -512442 1.17585e+08 1.05732e+08
    -827388 8.56834e+07 9.42918e+07
    20712.4     14239.9    -22915.8
    -512378 1.17564e+08 1.05669e+08
    -827392 8.56994e+07 9.43397e+07
    20711.2       14234    -22931.2
    -512314 1.17543e+08 1.05605e+08
    -827396 8.57153e+07 9.43876e+07
    20710.1     14228.1    -22946.7
    -512250 1.17522e+08 1.05542e+08
    -827399 8.57313e+07 9.44355e+07
    20708.9     14222.1    -22962.1
    -512185 1.17501e+08 1.05479e+08
    -827403 8.57473e+07 9.44834e+07
    20707.7     14216.2    -22977.6
    -512121  1.1748e+08 1.05416e+08
    -827407 8.57632e+07 9.45313e+07
    20706.5     14210.2      -22993
    -512057 1.17459e+08 1.05353e+08
    -827411 8.57792e+07 9.45792e+07
    20705.3     14204.3    -23008.4
    -511992 1.17438e+08  1.0529e+08
    -827414 8.57952e+07 9.46272e+07
    20704.1     14198.3    -23023.9
    -511928 1.17417e+08 1.05227e+08
    -827418 8.58111e+07 9.46751e+07
    20702.9     14192.4    -23039.3
    -511864 1.17396e+08 1.05164e+08
    -827422 8.58271e+07  9.4723e+07
    20701.7     14186.5    -23054.8
    -511799 1.17375e+08 1.05101e+08
    -827425 8.58431e+07 9.47709e+07
    20700.5     14180.5    -23070.2
    -511735 1.17354e+08 1.05037e+08
    -827429  8.5859e+07 9.48188e+07
    20699.3     14174.6    -23085.6
    -511671 1.17333e+08 1.04974e+08
    -827433  8.5875e+07 9.48667e+07
    20698.1     14168.6    -23101.1
    -511607 1.17312e+08 1.04911e+08
    -827436  8.5891e+07 9.49146e+07
    20696.9     14162.7    -23116.5
    -511542 1.17291e+08 1.04848e+08
    -827440 8.59069e+07 9.49625e+07
    20695.7     14156.7      -23132
    -511478  1.1727e+08 1.04785e+08
    -827444 8.59229e+07 9.50105e+07
    20694.5     14150.8    -23147.4
    -511414 1.17249e+08 1.04722e+08
    -827448 8.59389e+07 9.50584e+07
    20693.3     14144.9    -23162.8
    -511349 1.17228e+08 1.04659e+08
    -827451 8.59549e+07 9.51063e+07
    20692.2     14138.9    -23178.3
    -511285 1.17207e+08 1.04596e+08
    -827455 8.59708e+07 9.51542e+07
      20691       14133    -23193.7
    -511221 1.17186e+08 1.04533e+08
    -827459 8.59868e+07 9.52021e+07
    20689.8       14127    -23209.2
    -511156 1.17165e+08  1.0447e+08
    -827462 8.60028e+07   9.525e+07
    20688.6     14121.1    -23224.6
    -511092 1.17144e+08 1.04406e+08
    -827466 8.60187e+07 9.52979e+07
    20687.4     14115.1    -23240.1
    -511028 1.17123e+08 1.04343e+08
    -827470 8.60347e+07 9.53459e+07
    20686.2     14109.2    -23255.5
    -510964 1.17102e+08  1.0428e+08
    -827474 8.60507e+07 9.53938e+07
      20685     14103.3    -23270.9
    -510899 1.17081e+08 1.04217e+08
    -827477 8.60666e+07 9.54417e+07
    20683.8     14097.3    -23286.4
    -510835  1.1706e+08 1.04154e+08
    -827481 8.60826e+07 9.54896e+07
    20682.6     14091.4    -23301.8
    -510771 1.17039e+08 1.04091e+08
    -827485 8.60986e+07 9.55375e+07
    20681.4     14085.4    -23317.3
    -510706 1.17018e+08 1.04028e+08
    -827488 8.61145e+07 9.55854e+07
    20680.2     14079.5    -23332.7
    -510642 1.16997e+08 1.03965e+08
    -827492 8.61305e+07 9.56333e+07
      20679     14073.5    -23348.1
    -510578 1.16976e+08 1.03902e+08
    -827496 8.61465e+07 9.56813e+07
    20677.8     14067.6    -23363.6
    -510513 1.16955e+08 1.03838e+08
    -827500 8.61624e+07 9.57292e+07
    20676.6     14061.7      -23379
    -510449 1.16934e+08 1.03775e+08
    -827503 8.61784e+07 9.57771e+07
    20675.4     14055.7    -23394.5
    -510385 1.16913e+08 1.03712e+08
    -827507 8.61944e+07  9.5825e+07
    20674.3     14049.8    -23409.9
    -510321 1.16892e+08 1.03649e+08
    -827511 8.62104e+07 9.58729e+07
    20673.1     14043.8    -23425.4
    -510256 1.16871e+08 1.03586e+08
    -827514 8.62263e+07 9.59208e+07
    20671.9     14037.9    -23440.8
    -510192  1.1685e+08 1.03523e+08
    -827518 8.62423e+07 9.59687e+07
    20670.7     14031.9    -23456.2
    -510128  1.1683e+08  1.0346e+08
    -827522 8.62583e+07 9.60167e+07
    20669.5       14026    -23471.7
    -510063 1.16809e+08 1.03397e+08
    -827525 8.62742e+07 9.60646e+07
    20668.3     14020.1    -23487.1
    -509999 1.16788e+08 1.03334e+08
    -827529 8.62902e+07 9.61125e+07
    20667.1     14014.1    -23502.6
    -509935 1.16767e+08 1.03271e+08
    -827533 8.63062e+07 9.61604e+07
    20665.9     14008.2      -23518
    -509870 1.16746e+08 1.03207e+08
    -827537 8.63221e+07 9.62083e+07
    20664.7     14002.2    -23533.4
    -509806 1.16725e+08 1.03144e+08
    -827540 8.63381e+07 9.62562e+07
    20663.5     13996.3    -23548.9
    -509742 1.16704e+08 1.03081e+08
    -827544 8.63541e+07 9.63041e+07
    20662.3     13990.3    -23564.3
    -509678 1.16683e+08 1.03018e+08
    -827548   8.637e+07 9.63521e+07
    20661.1     13984.4    -23579.8
    -509613 1.16662e+08 1.02955e+08
    -827551  8.6386e+07    9.64e+07
    20659.9     13978.5    -23595.2
    -509549 1.16641e+08 1.02892e+08
    -827555  8.6402e+07 9.64479e+07
    20658.7     13972.5    -23610.7
    -509485  1.1662e+08 1.02829e+08
    -827559  8.6418e+07 9.64958e+07
    20657.5     13966.6    -23626.1
    -509420 1.16599e+08 1.02766e+08
    -827563 8.64339e+07 9.65437e+07
    20656.4     13960.6    -23641.5
    -509356 1.16578e+08 1.02703e+08
    -827566 8.64499e+07 9.65916e+07
    20655.2     13954.7      -23657
    -509292 1.16557e+08 1.02639e+08
    -827570 8.64659e+07 9.66395e+07
      20654     13948.7    -23672.4
    -509227 1.16536e+08 1.02576e+08
    -827574 8.64818e+07 9.66875e+07
    20652.8     13942.8    -23687.9
    -509163 1.16515e+08 1.02513e+08
    -827577 8.64978e+07 9.67354e+07
    20651.6     13936.9    -23703.3
    -509099 1.16494e+08  1.0245e+08
    -827581 8.65138e+07 9.67833e+07
    20650.4     13930.9    -23718.7
    -509035 1.16473e+08 1.02387e+08
    -827585 8.65297e+07 9.68312e+07
    20649.2       13925    -23734.2
    -508970 1.16452e+08 1.02324e+08
    -827588 8.65457e+07 9.68791e+07
      20648       13919    -23749.6
    -508906 1.16431e+08 1.02261e+08
    -827592 8.65617e+07  9.6927e+07
    20646.8     13913.1    -23765.1
    -508842  1.1641e+08 1.02198e+08
    -827596 8.65776e+07 9.69749e+07
    20645.6     13907.1    -23780.5
    -508777 1.16389e+08 1.02135e+08
    -827600 8.65936e+07 9.70229e+07
    20644.4     13901.2    -23795.9
    -508713 1.16368e+08 1.02072e+08
    -827603 8.66096e+07 9.70708e+07
    20643.2     13895.3    -23811.4
    -508649 1.16347e+08 1.02008e+08
    -827607 8.66255e+07 9.71187e+07
      20642     13889.3    -23826.8
    -508584 1.16326e+08 1.01945e+08
    -827611 8.66415e+07 9.71666e+07
    20640.8     13883.4    -23842.3
    -508520 1.16305e+08 1.01882e+08
    -827614 8.66575e+07 9.72145e+07
    20639.6     13877.4    -23857.7
    -508456 1.16284e+08 1.01819e+08
    -827618 8.66735e+07 9.72624e+07
    20638.5     13871.5    -23873.2
    -508392 1.16263e+08 1.01756e+08
    -827622 8.66894e+07 9.73103e+07
    20637.3     13865.5    -23888.6
    -508327 1.16242e+08 1.01693e+08
    -827626 8.67054e+07 9.73583e+07
    20636.1     13859.6      -23904
    -508263 1.16221e+08  1.0163e+08
    -827629 8.67214e+07 9.74062e+07
    20634.9     13853.7    -23919.5
    -508199   1.162e+08 1.01567e+08
    -827633 8.67373e+07 9.74541e+07
    20633.7     13847.7    -23934.9
    -508134 1.16179e+08 1.01504e+08
    -827637 8.67533e+07  9.7502e+07
    20632.5     13841.8    -23950.4
    -508070 1.16158e+08  1.0144e+08
    -827640 8.67693e+07 9.75499e+07
    20631.3     13835.8    -23965.8
    -508006 1.16137e+08 1.01377e+08
    -827644 8.67852e+07 9.75978e+07
    20630.1     13829.9    -23981.2
    -507941 1.16116e+08 1.01314e+08
    -827648 8.68012e+07 9.76457e+07
    20628.9     13823.9    -23996.7
    -507877 1.16095e+08 1.01251e+08
    -827652 8.68172e+07 9.76937e+07
    20627.7       13818    -24012.1
    -507813 1.16074e+08 1.01188e+08
    -827655 8.68331e+07 9.77416e+07
    20626.5     13812.1    -24027.6
    -507749 1.16053e+08 1.01125e+08
    -827659 8.68491e+07 9.77895e+07
    20625.3     13806.1      -24043
    -507684 1.16032e+08 1.01062e+08
    -827663 8.68651e+07 9.78374e+07
    20624.1     13800.2    -24058.5
    -507620 1.16011e+08 1.00999e+08
    -827666 8.68811e+07 9.78853e+07
    20622.9     13794.2    -24073.9
    -507556  1.1599e+08 1.00936e+08
    -827670  8.6897e+07 9.79332e+07
    20621.7     13788.3    -24089.3
    -507491 1.15969e+08 1.00873e+08
    -827674  8.6913e+07 9.79811e+07
    20620.6     13782.3    -24104.8
    -507427 1.15948e+08 1.00809e+08
    -827677  8.6929e+07 9.80291e+07
    20619.4     13776.4    -24120.2
    -507363 1.15927e+08 1.00746e+08
    -827681 8.69449e+07  9.8077e+07
    20618.2     13770.5    -24135.7
    -507298 1.15906e+08 1.00683e+08
    -827685 8.69609e+07 9.81249e+07
      20617     13764.5    -24151.1
    -507234 1.15885e+08  1.0062e+08
    -827689 8.69769e+07 9.81728e+07
    20615.8     13758.6    -24166.5
    -507170 1.15864e+08 1.00557e+08
    -827692 8.69928e+07 9.82207e+07
    20614.6     13752.6      -24182
    -507106 1.15843e+08 1.00494e+08
    -827696 8.70088e+07 9.82686e+07
    20613.4     13746.7    -24197.4
    -507041 1.15822e+08 1.00431e+08
    -827700 8.70248e+07 9.83165e+07
    20612.2     13740.8    -24212.9
    -506977 1.15801e+08 1.00368e+08
    -827703 8.70407e+07 9.83645e+07
      20611     13734.8    -24228.3
    -506913  1.1578e+08 1.00305e+08
    -827707 8.70567e+07 9.84124e+07
    20609.8     13728.9    -24243.7
    -506848 1.15759e+08 1.00241e+08
    -827711 8.70727e+07 9.84603e+07
    20608.6     13722.9    -24259.2
    -506784 1.15738e+08 1.00178e+08
    -827715 8.70886e+07 9.85082e+07
    20607.4       13717    -24274.6
    -506720 1.15717e+08 1.00115e+08
    -827718 8.71046e+07 9.85561e+07
    20606.2       13711    -24290.1
    -506655 1.15696e+08 1.00052e+08
    -827722 8.71206e+07  9.8604e+07
      20605     13705.1    -24305.5
    -506591 1.15675e+08  9.9989e+07
    -827726 8.71366e+07 9.86519e+07
    20603.8     13699.2      -24321
    -506527 1.15654e+08 9.99259e+07
    -827729 8.71525e+07 9.86999e+07
    20602.7     13693.2    -24336.4
    -506462 1.15633e+08 9.98628e+07
    -827733 8.71685e+07 9.87478e+07
    20601.5     13687.3    -24351.8
    -506398 1.15612e+08 9.97997e+07
    -827737 8.71845e+07 9.87957e+07
    20600.3     13681.3    -24367.3
    -506334 1.15591e+08 9.97366e+07
    -827741 8.72004e+07 9.88436e+07
    20599.1     13675.4    -24382.7
    -506270  1.1557e+08 9.96735e+07
    -827744 8.72164e+07 9.88915e+07
    20597.9     13669.4    -24398.2
    -506205 1.15549e+08 9.96104e+07
    -827748 8.72324e+07 9.89394e+07
    20596.7     13663.5    -24413.6
    -506141 1.15528e+08 9.95473e+07
    -827752 8.72483e+07 9.89873e+07
    20595.5     13657.6      -24429
    -506077 1.15507e+08 9.94842e+07
    -827755 8.72643e+07 9.90353e+07
    20594.3     13651.6    -24444.5
    -506012 1.15486e+08 9.94211e+07
    -827759 8.72803e+07 9.90832e+07
    20593.1     13645.7    -24459.9
    -505948 1.15465e+08  9.9358e+07
    -827763 8.72962e+07 9.91311e+07
    20591.9     13639.7    -24475.4
    -505884 1.15444e+08 9.92949e+07
    -827766 8.73122e+07  9.9179e+07
    20590.7     13633.8    -24490.8
    -505819 1.15423e+08 9.92318e+07
    -827770 8.73282e+07 9.92269e+07
    20589.5     13627.8    -24506.3
    -505755 1.15402e+08 9.91687e+07
    -827774 8.73441e+07 9.92748e+07
    20588.3     13621.9    -24521.7
    -505691 1.15381e+08 9.91056e+07
    -827778 8.73601e+07 9.93227e+07
    20587.1       13616    -24537.1
    -505627  1.1536e+08 9.90425e+07
    -827781 8.73761e+07 9.93707e+07
    20585.9       13610    -24552.6
    -505562 1.15339e+08 9.89794e+07
    -827785 8.73921e+07 9.94186e+07
    20584.8     13604.1      -24568
    -505498 1.15318e+08 9.89162e+07
    -827789  8.7408e+07 9.94665e+07
    20583.6     13598.1    -24583.5
    -505434 1.15297e+08 9.88531e+07
    -827792  8.7424e+07 9.95144e+07
    20582.4     13592.2    -24598.9
    -505369 1.15276e+08   9.879e+07
    -827796   8.744e+07 9.95623e+07
    20581.2     13586.2    -24614.3
    -505305 1.15255e+08 9.87269e+07
    -827800 8.74559e+07 9.96102e+07
      20580     13580.3    -24629.8
    -505241 1.15234e+08 9.86638e+07
    -827804 8.74719e+07 9.96581e+07
    20578.8     13574.4    -24645.2
    -505176 1.15213e+08 9.86007e+07
    -827807 8.74879e+07  9.9706e+07
    20577.6     13568.4    -24660.7
    -505112 1.15192e+08 9.85376e+07
    -827811 8.75038e+07  9.9754e+07
    20576.4     13562.5    -24676.1
    -505048 1.15171e+08 9.84745e+07
    -827815 8.75198e+07 9.98019e+07
    20575.2     13556.5    -24691.5
    -504984  1.1515e+08 9.84114e+07
    -827818 8.75358e+07 9.98498e+07
      20574     13550.6      -24707
    -504919 1.15129e+08 9.83483e+07
    -827822 8.75517e+07 9.98977e+07
    20572.8     13544.6    -24722.4
    -504855 1.15108e+08 9.82852e+07
    -827826 8.75677e+07 9.99456e+07
    20571.6     13538.7    -24737.9
    -504791 1.15087e+08 9.82221e+07
    -827830 8.75837e+07 9.99935e+07
    20570.4     13532.8    -24753.3
    -504726 1.15066e+08  9.8159e+07
    -827833 8.75997e+07 1.00041e+08
    20569.2     13526.8    -24768.8
    -504662 1.15045e+08 9.80959e+07
    -827837 8.76156e+07 1.00089e+08
      20568     13520.9    -24784.2
    -504598 1.15024e+08 9.80328e+07
    -827841 8.76316e+07 1.00137e+08
    20566.9     13514.9    -24799.6
    -504533 1.15003e+08 9.79697e+07
    -827844 8.76476e+07 1.00185e+08
    20565.7       13509    -24815.1
    -504469 1.14982e+08 9.79066e+07
    -827848 8.76635e+07 1.00233e+08
    20564.5       13503    -24830.5
    -504405 1.14961e+08 9.78435e+07
    -827852 8.76795e+07 1.00281e+08
    20563.3     13497.1      -24846
    -504341  1.1494e+08 9.77804e+07
    -827855 8.76955e+07 1.00329e+08
    20562.1     13491.2    -24861.4
    -504276 1.14919e+08 9.77172e+07
    -827859 8.77114e+07 1.00377e+08
    20560.9     13485.2    -24876.8
    -504212 1.14898e+08 9.76541e+07
    -827863 8.77274e+07 1.00425e+08
    20559.7     13479.3    -24892.3
    -504148 1.14877e+08  9.7591e+07
    -827867 8.77434e+07 1.00473e+08
    20558.5     13473.3    -24907.7
    -504083 1.14856e+08 9.75279e+07
    -827870 8.77593e+07 1.00521e+08
    20557.3     13467.4    -24923.2
    -504019 1.14835e+08 9.74648e+07
    -827874 8.77753e+07 1.00569e+08
    20556.1     13461.4    -24938.6
    -503955 1.14814e+08 9.74017e+07
    -827878 8.77913e+07 1.00616e+08
    20554.9     13455.5    -24954.1
    -503890 1.14793e+08 9.73386e+07
    -827881 8.78072e+07 1.00664e+08
    20553.7     13449.6    -24969.5
    -503826 1.14772e+08 9.72755e+07
    -827885 8.78232e+07 1.00712e+08
    20552.5     13443.6    -24984.9
    -503762 1.14751e+08 9.72124e+07
    -827889 8.78392e+07  1.0076e+08
    20551.3     13437.7    -25000.4
    -503698  1.1473e+08 9.71493e+07
    -827893 8.78552e+07 1.00808e+08
    20550.1     13431.7    -25015.8
    -503633 1.14709e+08 9.70862e+07
    -827896 8.78711e+07 1.00856e+08
      20549     13425.8    -25031.3
    -503569 1.14688e+08 9.70231e+07
    -827900 8.78871e+07 1.00904e+08
    20547.8     13419.8    -25046.7
    -503505 1.14667e+08   9.696e+07
    -827904 8.79031e+07 1.00952e+08
    20546.6     13413.9    -25062.1
    -503440 1.14646e+08 9.68969e+07
    -827907  8.7919e+07    1.01e+08
    20545.4       13408    -25077.6
    -503376 1.14625e+08 9.68338e+07
    -827911  8.7935e+07 1.01048e+08
    20544.2       13402      -25093
    -503312 1.14604e+08 9.67707e+07
    -827915  8.7951e+07 1.01096e+08
      20543     13396.1    -25108.5
    -503247 1.14583e+08 9.67076e+07
    -827918 8.79669e+07 1.01143e+08
    20541.8     13390.1    -25123.9
    -503183 1.14562e+08 9.66445e+07
    -827922 8.79829e+07 1.01191e+08
    20540.6     13384.2    -25139.4
    -503119 1.14541e+08 9.65814e+07
    -827926 8.79989e+07 1.01239e+08
    20539.4     13378.2    -25154.8
    -503055  1.1452e+08 9.65182e+07
    -827930 8.80148e+07 1.01287e+08
    20538.2     13372.3    -25170.2
    -502990 1.14499e+08 9.64551e+07
    -827933 8.80308e+07 1.01335e+08
      20537     13366.4    -25185.7
    -502926 1.14478e+08  9.6392e+07
    -827937 8.80468e+07 1.01383e+08
    20535.8     13360.4    -25201.1
    -502862 1.14457e+08 9.63289e+07
    -827941 8.80627e+07 1.01431e+08
    20534.6     13354.5    -25216.6
    -502797 1.14436e+08 9.62658e+07
    -827944 8.80787e+07 1.01479e+08
    20533.4     13348.5      -25232
    -502733 1.14415e+08 9.62027e+07
    -827948 8.80947e+07 1.01527e+08
    20532.3     13342.6    -25247.4
    -502669 1.14394e+08 9.61396e+07
    -827952 8.81107e+07 1.01575e+08
    20531.1     13336.6    -25262.9
    -502604 1.14373e+08 9.60765e+07
    -827956 8.81266e+07 1.01623e+08
    20529.9     13330.7    -25278.3
    -502540 1.14352e+08 9.60134e+07
    -827959 8.81426e+07 1.01671e+08
    20528.7     13324.8    -25293.8
    -502476 1.14331e+08 9.59503e+07
    -827963 8.81586e+07 1.01718e+08
    20527.5     13318.8    -25309.2
    -502412  1.1431e+08 9.58872e+07
    -827967 8.81745e+07 1.01766e+08
    20526.3     13312.9    -25324.6
    -502347 1.14289e+08 9.58241e+07
    -827970 8.81905e+07 1.01814e+08
    20525.1     13306.9    -25340.1
    -502283 1.14268e+08  9.5761e+07
    -827974 8.82065e+07 1.01862e+08
    20523.9       13301    -25355.5
    -502219 1.14247e+08 9.56979e+07
    -827978 8.82224e+07  1.0191e+08
    20522.7     13295.1      -25371
    -502154 1.14226e+08 9.56348e+07
    -827982 8.82384e+07 1.01958e+08
    20521.5     13289.1    -25386.4
    -502090 1.14205e+08 9.55717e+07
    -827985 8.82544e+07 1.02006e+08
    20520.3     13283.2    -25401.9
    -502026 1.14184e+08 9.55086e+07
    -827989 8.82703e+07 1.02054e+08
    20519.1     13277.2    -25417.3
    -501961 1.14163e+08 9.54455e+07
    -827993 8.82863e+07 1.02102e+08
    20517.9     13271.3    -25432.7
    -501897 1.14142e+08 9.53824e+07
    -827996 8.83023e+07  1.0215e+08
    20516.7     13265.3    -25448.2
    -501833 1.14122e+08 9.53192e+07
    -828000 8.83183e+07 1.02198e+08
    20515.5     13259.4    -25463.6
    -501769 1.14101e+08 9.52561e+07
    -828004 8.83342e+07 1.02245e+08
    20514.4     13253.5    -25479.1
    -501704  1.1408e+08  9.5193e+07
    -828007 8.83502e+07 1.02293e+08
    20513.2     13247.5    -25494.5
    -501640 1.14059e+08 9.51299e+07
    -828011 8.83662e+07 1.02341e+08
      20512     13241.6    -25509.9
    -501576 1.14038e+08 9.50668e+07
    -828015 8.83821e+07 1.02389e+08
    20510.8     13235.6    -25525.4
    -501511 1.14017e+08 9.50037e+07
    -828019 8.83981e+07 1.02437e+08
    20509.6     13229.7    -25540.8
    -501447 1.13996e+08 9.49406e+07
    -828022 8.84141e+07 1.02485e+08
    20508.4     13223.7    -25556.3
    -501383 1.13975e+08 9.48775e+07
    -828026   8.843e+07 1.02533e+08
    20507.2     13217.8    -25571.7
    -501318 1.13954e+08 9.48144e+07
    -828030  8.8446e+07 1.02581e+08
      20506     13211.9    -25587.2
    -501254 1.13933e+08 9.47513e+07
    -828033  8.8462e+07 1.02629e+08
    20504.8     13205.9    -25602.6
    -501190 1.13912e+08 9.46882e+07
    -828037 8.84779e+07 1.02677e+08
    20503.6       13200      -25618
    -501126 1.13891e+08 9.46251e+07
    -828041 8.84939e+07 1.02725e+08
    20502.4       13194    -25633.5
    -501061  1.1387e+08  9.4562e+07
    -828045 8.85099e+07 1.02773e+08
    20501.2     13188.1    -25648.9
    -500997 1.13849e+08 9.44989e+07
    -828048 8.85258e+07  1.0282e+08
      20500     13182.1    -25664.4
    -500933 1.13828e+08 9.44358e+07
    -828052 8.85418e+07 1.02868e+08
    20498.8     13176.2    -25679.8
    -500868 1.13807e+08 9.43727e+07
    -828056 8.85578e+07 1.02916e+08
    20497.6     13170.3    -25695.2
    -500804 1.13786e+08 9.43096e+07
    -828059 8.85738e+07 1.02964e+08
    20496.5     13164.3    -25710.7
    -500740 1.13765e+08 9.42465e+07
    -828063 8.85897e+07 1.03012e+08
    20495.3     13158.4    -25726.1
    -500675 1.13744e+08 9.41834e+07
    -828067 8.86057e+07  1.0306e+08
    20494.1     13152.4    -25741.6
    -500611 1.13723e+08 9.41202e+07
    -828071 8.86217e+07 1.03108e+08
    20492.9     13146.5      -25757
    -500547 1.13702e+08 9.40571e+07
    -828074 8.86376e+07 1.03156e+08
    20491.7     13140.5    -25772.4
    -500483 1.13681e+08  9.3994e+07
    -828078 8.86536e+07 1.03204e+08
    20490.5     13134.6    -25787.9
    -500418  1.1366e+08 9.39309e+07
    -828082 8.86696e+07 1.03252e+08
    20489.3     13128.7    -25803.3
    -500354 1.13639e+08 9.38678e+07
    -828085 8.86855e+07   1.033e+08
    20488.1     13122.7    -25818.8
    -500290 1.13618e+08 9.38047e+07
    -828089 8.87015e+07 1.03348e+08
    20486.9     13116.8    -25834.2
    -500225 1.13597e+08 9.37416e+07
    -828093 8.87175e+07 1.03395e+08
    20485.7     13110.8    -25849.7
    -500161 1.13576e+08 9.36785e+07
    -828096 8.87334e+07 1.03443e+08
    20484.5     13104.9    -25865.1
    -500097 1.13555e+08 9.36154e+07
    -828100 8.87494e+07 1.03491e+08
    20483.3     13098.9    -25880.5
    -500032 1.13534e+08 9.35523e+07
    -828104 8.87654e+07 1.03539e+08
    20482.1       13093      -25896
    -499968 1.13513e+08 9.34892e+07
    -828108 8.87813e+07 1.03587e+08
    20480.9     13087.1    -25911.4
    -499904 1.13492e+08 9.34261e+07
    -828111 8.87973e+07 1.03635e+08
    20479.7     13081.1    -25926.9
    -499840 1.13471e+08  9.3363e+07
    -828115 8.88133e+07 1.03683e+08
    20478.6     13075.2    -25942.3
    -499775  1.1345e+08 9.32999e+07
    -828119 8.88293e+07 1.03731e+08
    20477.4     13069.2    -25957.7
    -499711 1.13429e+08 9.32368e+07
    -828122 8.88452e+07 1.03779e+08
    20476.2     13063.3    -25973.2
    -499647 1.13408e+08 9.31737e+07
    -828126 8.88612e+07 1.03827e+08
      20475     13057.3    -25988.6
    -499582 1.13387e+08 9.31106e+07
    -828130 8.88772e+07 1.03875e+08
    20473.8     13051.4    -26004.1
    -499518 1.13366e+08 9.30475e+07
    -828134 8.88931e+07 1.03922e+08
    20472.6     13045.5    -26019.5
    -499454 1.13345e+08 9.29844e+07
    -828137 8.89091e+07  1.0397e+08
    20471.4     13039.5      -26035
    -499389 1.13324e+08 9.29212e+07
    -828141 8.89251e+07 1.04018e+08
    20470.2     13033.6    -26050.4
    -499325 1.13303e+08 9.28581e+07
    -828145  8.8941e+07 1.04066e+08
      20469     13027.6    -26065.8
    -499261 1.13282e+08  9.2795e+07
    -828148  8.8957e+07 1.04114e+08
    20467.8     13021.7    -26081.3
    -499197 1.13261e+08 9.27319e+07
    -828152  8.8973e+07 1.04162e+08
    20466.6     13015.7    -26096.7
    -499132  1.1324e+08 9.26688e+07
    -828156 8.89889e+07  1.0421e+08
    20465.4     13009.8    -26112.2
    -499068 1.13219e+08 9.26057e+07
    -828159 8.90049e+07 1.04258e+08
    20464.2     13003.9    -26127.6
    -499004 1.13198e+08 9.25426e+07
    -828163 8.90209e+07 1.04306e+08
      20463     12997.9      -26143
    -498939 1.13177e+08 9.24795e+07
    -828167 8.90369e+07 1.04354e+08
    20461.8       12992    -26158.5
    -498875 1.13156e+08 9.24164e+07
    -828171 8.90528e+07 1.04402e+08
    20460.7       12986    -26173.9
    -498811 1.13135e+08 9.23533e+07
    -828174 8.90688e+07  1.0445e+08
    20459.5     12980.1    -26189.4
    -498746 1.13114e+08 9.22902e+07
    -828178 8.90848e+07 1.04497e+08
    20458.3     12974.1    -26204.8
    -498682 1.13093e+08 9.22271e+07
    -828182 8.91007e+07 1.04545e+08
    20457.1     12968.2    -26220.3
    -498618 1.13072e+08  9.2164e+07
    -828185 8.91167e+07 1.04593e+08
    20455.9     12962.3    -26235.7
    -498554 1.13051e+08 9.21009e+07
    -828189 8.91327e+07 1.04641e+08
    20454.7     12956.3    -26251.1
    -498489  1.1303e+08 9.20378e+07
    -828193 8.91486e+07 1.04689e+08
    20453.5     12950.4    -26266.6
    -498425 1.13009e+08 9.19747e+07
    -828197 8.91646e+07 1.04737e+08
    20452.3     12944.4      -26282
    -498361 1.12988e+08 9.19116e+07
    -828200 8.91806e+07 1.04785e+08
    20451.1     12938.5    -26297.5
    -498296 1.12967e+08 9.18485e+07
    -828204 8.91965e+07 1.04833e+08
    20449.9     12932.5    -26312.9
    -498232 1.12946e+08 9.17854e+07
    -828208 8.92125e+07 1.04881e+08
    20448.7     12926.6    -26328.3
    -498168 1.12925e+08 9.17222e+07
    -828211 8.92285e+07 1.04929e+08
    20447.5     12920.7    -26343.8
    -498103 1.12904e+08 9.16591e+07
    -828215 8.92444e+07 1.04977e+08
    20446.3     12914.7    -26359.2
    -498039 1.12883e+08  9.1596e+07
    -828219 8.92604e+07 1.05025e+08
    20445.1     12908.8    -26374.7
    -497975 1.12862e+08 9.15329e+07
    -828223 8.92764e+07 1.05072e+08
    20443.9     12902.8    -26390.1
    -497911 1.12841e+08 9.14698e+07
    -828226 8.92924e+07  1.0512e+08
    20442.8     12896.9    -26405.5
    -497846  1.1282e+08 9.14067e+07
    -828230 8.93083e+07 1.05168e+08
    20441.6     12890.9      -26421
    -497782 1.12799e+08 9.13436e+07
    -828234 8.93243e+07 1.05216e+08
    20440.4       12885    -26436.4
    -497718 1.12778e+08 9.12805e+07
    -828237 8.93403e+07 1.05264e+08
    20439.2     12879.1    -26451.9
    -497653 1.12757e+08 9.12174e+07
    -828241 8.93562e+07 1.05312e+08
      20438     12873.1    -26467.3
    -497589 1.12736e+08 9.11543e+07
    -828245 8.93722e+07  1.0536e+08
    20436.8     12867.2    -26482.8
    -497525 1.12715e+08 9.10912e+07
    -828248 8.93882e+07 1.05408e+08
    20435.6     12861.2    -26498.2
    -497460 1.12694e+08 9.10281e+07
    -828252 8.94041e+07 1.05456e+08
    20434.4     12855.3    -26513.6
    -497396 1.12673e+08  9.0965e+07
    -828256 8.94201e+07 1.05504e+08
    20433.2     12849.4    -26529.1
    -497332 1.12652e+08 9.09019e+07
    -828260 8.94361e+07 1.05552e+08
      20432     12843.4    -26544.5
    -497268 1.12631e+08 9.08388e+07
    -828263  8.9452e+07 1.05599e+08
    20430.8     12837.5      -26560
    -497203  1.1261e+08 9.07757e+07
    -828267  8.9468e+07 1.05647e+08
    20429.6     12831.5    -26575.4
    -497139 1.12589e+08 9.07126e+07
    -828271  8.9484e+07 1.05695e+08
    20428.4     12825.6    -26590.8
    -497075 1.12568e+08 9.06495e+07
    -828274    8.95e+07 1.05743e+08
    20427.2     12819.6    -26606.3
    -497010 1.12547e+08 9.05864e+07
    -828278 8.95159e+07 1.05791e+08
      20426     12813.7    -26621.7
    -496946 1.12526e+08 9.05232e+07
    -828282 8.95319e+07 1.05839e+08
    20424.9     12807.8    -26637.2
    -496882 1.12505e+08 9.04601e+07
    -828286 8.95479e+07 1.05887e+08
    20423.7     12801.8    -26652.6
    -496817 1.12484e+08  9.0397e+07
    -828289 8.95638e+07 1.05935e+08
    20422.5     12795.9    -26668.1
    -496753 1.12463e+08 9.03339e+07
    -828293 8.95798e+07 1.05983e+08
    20421.3     12789.9    -26683.5
