          0   1.496e+11 1.49638e+11
          0           0           0
          0           0           0
9.01395e-08   1.496e+11 1.49638e+11
 2.4501e-17      685000   2.055e+06
          0           0           0
 1.8028e-07   1.496e+11 1.49638e+11
4.90022e-17    1.37e+06    4.11e+06
          0           0           0
 2.7042e-07   1.496e+11 1.49638e+11
7.35034e-17   2.055e+06   6.165e+06
          0           0           0
3.60561e-07   1.496e+11 1.49638e+11
9.80045e-17    2.74e+06    8.22e+06
          0           0           0
4.50701e-07   1.496e+11 1.49638e+11
1.22506e-16   3.425e+06  1.0275e+07
          0           0           0
5.40842e-07   1.496e+11 1.49638e+11
1.47007e-16    4.11e+06   1.233e+07
          0           0           0
6.30982e-07   1.496e+11 1.49638e+11
1.71508e-16   4.795e+06  1.4385e+07
          0           0           0
7.21123e-07   1.496e+11 1.49638e+11
1.96009e-16    5.48e+06   1.644e+07
          0           0           0
8.11263e-07   1.496e+11 1.49638e+11
 2.2051e-16   6.165e+06  1.8495e+07
          0           0           0
9.01404e-07   1.496e+11 1.49638e+11
2.45012e-16    6.85e+06   2.055e+07
          0           0           0
9.91544e-07   1.496e+11 1.49638e+11
2.69513e-16   7.535e+06  2.2605e+07
          0           0           0
1.08168e-06   1.496e+11 1.49638e+11
2.94014e-16    8.22e+06   2.466e+07
          0           0           0
1.17182e-06   1.496e+11 1.49638e+11
3.18515e-16   8.905e+06  2.6715e+07
          0           0           0
1.26197e-06   1.496e+11 1.49638e+11
3.43016e-16    9.59e+06   2.877e+07
          0           0           0
1.35211e-06   1.496e+11 1.49638e+11
3.67517e-16  1.0275e+07  3.0825e+07
          0           0           0
1.44225e-06   1.496e+11 1.49638e+11
3.92019e-16   1.096e+07   3.288e+07
          0           0           0
1.53239e-06   1.496e+11 1.49638e+11
 4.1652e-16  1.1645e+07  3.4935e+07
          0           0           0
1.62253e-06   1.496e+11 1.49638e+11
4.41021e-16   1.233e+07   3.699e+07
          0           0           0
1.71267e-06   1.496e+11 1.49638e+11
4.65522e-16  1.3015e+07  3.9045e+07
          0           0           0
1.80281e-06   1.496e+11 1.49638e+11
4.90023e-16    1.37e+07    4.11e+07
          0           0           0
1.89295e-06   1.496e+11 1.49638e+11
5.14524e-16  1.4385e+07  4.3155e+07
          0           0           0
1.98309e-06   1.496e+11 1.49638e+11
5.39026e-16   1.507e+07   4.521e+07
          0           0           0
2.07323e-06   1.496e+11 1.49638e+11
5.63527e-16  1.5755e+07  4.7265e+07
          0           0           0
2.16337e-06   1.496e+11 1.49638e+11
5.88028e-16   1.644e+07   4.932e+07
          0           0           0
2.25351e-06   1.496e+11 1.49638e+11
6.12529e-16  1.7125e+07  5.1375e+07
          0           0           0
2.34365e-06   1.496e+11 1.49638e+11
 6.3703e-16   1.781e+07   5.343e+07
          0           0           0
2.43379e-06   1.496e+11 1.49638e+11
6.61532e-16  1.8495e+07  5.5485e+07
          0           0           0
2.52393e-06   1.496e+11 1.49638e+11
6.86033e-16   1.918e+07   5.754e+07
          0           0           0
2.61407e-06   1.496e+11 1.49638e+11
7.10534e-16  1.9865e+07  5.9595e+07
          0           0           0
2.70421e-06   1.496e+11 1.49638e+11
7.35035e-16   2.055e+07   6.165e+07
          0           0           0
2.79435e-06   1.496e+11 1.49638e+11
7.59536e-16  2.1235e+07  6.3705e+07
          0           0           0
2.88449e-06   1.496e+11 1.49638e+11
7.84037e-16   2.192e+07   6.576e+07
          0           0           0
2.97463e-06   1.496e+11 1.49638e+11
8.08539e-16  2.2605e+07  6.7815e+07
          0           0           0
3.06477e-06   1.496e+11 1.49638e+11
 8.3304e-16   2.329e+07   6.987e+07
          0           0           0
3.15491e-06   1.496e+11 1.49638e+11
8.57541e-16  2.3975e+07  7.1925e+07
          0           0           0
3.24505e-06   1.496e+11 1.49638e+11
8.82042e-16   2.466e+07   7.398e+07
          0           0           0
 3.3352e-06   1.496e+11 1.49638e+11
9.06543e-16  2.5345e+07  7.6035e+07
          0           0           0
3.42534e-06   1.496e+11 1.49638e+11
9.31044e-16   2.603e+07   7.809e+07
          0           0           0
3.51548e-06   1.496e+11 1.49638e+11
9.55546e-16  2.6715e+07  8.0145e+07
          0           0           0
3.60562e-06   1.496e+11 1.49638e+11
9.80047e-16    2.74e+07    8.22e+07
          0           0           0
3.69576e-06   1.496e+11 1.49638e+11
1.00455e-15  2.8085e+07  8.4255e+07
          0           0           0
 3.7859e-06   1.496e+11 1.49638e+11
1.02905e-15   2.877e+07   8.631e+07
          0           0           0
3.87604e-06   1.496e+11 1.49638e+11
1.05355e-15  2.9455e+07  8.8365e+07
          0           0           0
3.96618e-06   1.496e+11 1.49638e+11
1.07805e-15   3.014e+07   9.042e+07
          0           0           0
4.05632e-06   1.496e+11 1.49638e+11
1.10255e-15  3.0825e+07  9.2475e+07
          0           0           0
4.14646e-06   1.496e+11 1.49638e+11
1.12705e-15   3.151e+07   9.453e+07
          0           0           0
 4.2366e-06   1.496e+11 1.49638e+11
1.15155e-15  3.2195e+07  9.6585e+07
          0           0           0
4.32674e-06   1.496e+11 1.49638e+11
1.17606e-15   3.288e+07   9.864e+07
          0           0           0
4.41688e-06   1.496e+11 1.49638e+11
1.20056e-15  3.3565e+07 1.00695e+08
          0           0           0
4.50702e-06   1.496e+11 1.49638e+11
1.22506e-15   3.425e+07  1.0275e+08
          0           0           0
4.59716e-06   1.496e+11 1.49638e+11
1.24956e-15  3.4935e+07 1.04805e+08
          0           0           0
 4.6873e-06   1.496e+11 1.49638e+11
1.27406e-15   3.562e+07  1.0686e+08
          0           0           0
4.77744e-06   1.496e+11 1.49638e+11
1.29856e-15  3.6305e+07 1.08915e+08
          0           0           0
4.86758e-06   1.496e+11 1.49638e+11
1.32306e-15   3.699e+07  1.1097e+08
          0           0           0
4.95772e-06   1.496e+11 1.49638e+11
1.34756e-15  3.7675e+07 1.13025e+08
          0           0           0
5.04786e-06   1.496e+11 1.49638e+11
1.37207e-15   3.836e+07  1.1508e+08
          0           0           0
  5.138e-06   1.496e+11 1.49638e+11
1.39657e-15  3.9045e+07 1.17135e+08
          0           0           0
5.22814e-06   1.496e+11 1.49638e+11
1.42107e-15   3.973e+07  1.1919e+08
          0           0           0
5.31829e-06   1.496e+11 1.49638e+11
1.44557e-15  4.0415e+07 1.21245e+08
          0           0           0
5.40843e-06   1.496e+11 1.49638e+11
1.47007e-15    4.11e+07   1.233e+08
          0           0           0
5.49857e-06   1.496e+11 1.49638e+11
1.49457e-15  4.1785e+07 1.25355e+08
          0           0           0
5.58871e-06   1.496e+11 1.49638e+11
1.51907e-15   4.247e+07  1.2741e+08
          0           0           0
5.67885e-06   1.496e+11 1.49638e+11
1.54357e-15  4.3155e+07 1.29465e+08
          0           0           0
5.76899e-06   1.496e+11 1.49638e+11
1.56807e-15   4.384e+07  1.3152e+08
          0           0           0
5.85913e-06   1.496e+11 1.49638e+11
1.59258e-15  4.4525e+07 1.33575e+08
          0           0           0
5.94927e-06   1.496e+11 1.49638e+11
1.61708e-15   4.521e+07  1.3563e+08
          0           0           0
6.03941e-06   1.496e+11 1.49638e+11
1.64158e-15  4.5895e+07 1.37685e+08
          0           0           0
6.12955e-06   1.496e+11 1.49638e+11
1.66608e-15   4.658e+07  1.3974e+08
          0           0           0
6.21969e-06   1.496e+11 1.49638e+11
1.69058e-15  4.7265e+07 1.41795e+08
          0           0           0
6.30983e-06   1.496e+11 1.49638e+11
1.71508e-15   4.795e+07  1.4385e+08
          0           0           0
6.39997e-06   1.496e+11 1.49638e+11
1.73958e-15  4.8635e+07 1.45905e+08
          0           0           0
6.49011e-06   1.496e+11 1.49638e+11
1.76408e-15   4.932e+07  1.4796e+08
          0           0           0
6.58025e-06   1.496e+11 1.49638e+11
1.78859e-15  5.0005e+07 1.50015e+08
          0           0           0
6.67039e-06   1.496e+11 1.49638e+11
1.81309e-15   5.069e+07  1.5207e+08
          0           0           0
6.76053e-06   1.496e+11 1.49638e+11
1.83759e-15  5.1375e+07 1.54125e+08
          0           0           0
6.85067e-06   1.496e+11 1.49638e+11
1.86209e-15   5.206e+07  1.5618e+08
          0           0           0
6.94081e-06   1.496e+11 1.49638e+11
1.88659e-15  5.2745e+07 1.58235e+08
          0           0           0
7.03095e-06   1.496e+11 1.49638e+11
1.91109e-15   5.343e+07  1.6029e+08
          0           0           0
7.12109e-06   1.496e+11 1.49638e+11
1.93559e-15  5.4115e+07 1.62345e+08
          0           0           0
7.21123e-06   1.496e+11 1.49638e+11
1.96009e-15    5.48e+07   1.644e+08
          0           0           0
7.30137e-06   1.496e+11 1.49638e+11
1.98459e-15  5.5485e+07 1.66455e+08
          0           0           0
7.39152e-06   1.496e+11 1.49638e+11
 2.0091e-15   5.617e+07  1.6851e+08
          0           0           0
7.48166e-06   1.496e+11 1.49638e+11
 2.0336e-15  5.6855e+07 1.70565e+08
          0           0           0
 7.5718e-06   1.496e+11 1.49638e+11
 2.0581e-15   5.754e+07  1.7262e+08
          0           0           0
7.66194e-06   1.496e+11 1.49638e+11
 2.0826e-15  5.8225e+07 1.74675e+08
          0           0           0
7.75208e-06   1.496e+11 1.49638e+11
 2.1071e-15   5.891e+07  1.7673e+08
          0           0           0
7.84222e-06   1.496e+11 1.49638e+11
 2.1316e-15  5.9595e+07 1.78785e+08
          0           0           0
7.93236e-06   1.496e+11 1.49638e+11
 2.1561e-15   6.028e+07  1.8084e+08
          0           0           0
 8.0225e-06   1.496e+11 1.49638e+11
 2.1806e-15  6.0965e+07 1.82895e+08
          0           0           0
8.11264e-06   1.496e+11 1.49638e+11
2.20511e-15   6.165e+07  1.8495e+08
          0           0           0
8.20278e-06   1.496e+11 1.49638e+11
2.22961e-15  6.2335e+07 1.87005e+08
          0           0           0
8.29292e-06   1.496e+11 1.49638e+11
2.25411e-15   6.302e+07  1.8906e+08
          0           0           0
8.38306e-06   1.496e+11 1.49638e+11
2.27861e-15  6.3705e+07 1.91115e+08
          0           0           0
 8.4732e-06   1.496e+11 1.49638e+11
2.30311e-15   6.439e+07  1.9317e+08
          0           0           0
8.56334e-06   1.496e+11 1.49638e+11
2.32761e-15  6.5075e+07 1.95225e+08
          0           0           0
8.65348e-06   1.496e+11 1.49638e+11
2.35211e-15   6.576e+07  1.9728e+08
          0           0           0
8.74362e-06   1.496e+11 1.49638e+11
2.37661e-15  6.6445e+07 1.99335e+08
          0           0           0
8.83376e-06   1.496e+11 1.49638e+11
2.40111e-15   6.713e+07  2.0139e+08
          0           0           0
 8.9239e-06   1.496e+11 1.49638e+11
2.42562e-15  6.7815e+07 2.03445e+08
          0           0           0
9.01404e-06   1.496e+11 1.49638e+11
2.45012e-15    6.85e+07   2.055e+08
          0           0           0
9.10418e-06   1.496e+11 1.49638e+11
2.47462e-15  6.9185e+07 2.07555e+08
          0           0           0
9.19432e-06   1.496e+11 1.49638e+11
2.49912e-15   6.987e+07  2.0961e+08
          0           0           0
9.28446e-06   1.496e+11 1.49638e+11
2.52362e-15  7.0555e+07 2.11665e+08
          0           0           0
 9.3746e-06   1.496e+11 1.49638e+11
2.54812e-15   7.124e+07  2.1372e+08
          0           0           0
9.46475e-06   1.496e+11 1.49638e+11
2.57262e-15  7.1925e+07 2.15775e+08
          0           0           0
9.55489e-06   1.496e+11 1.49638e+11
2.59712e-15   7.261e+07  2.1783e+08
          0           0           0
9.64503e-06   1.496e+11 1.49638e+11
2.62163e-15  7.3295e+07 2.19885e+08
          0           0           0
9.73517e-06   1.496e+11 1.49638e+11
2.64613e-15   7.398e+07  2.2194e+08
          0           0           0
9.82531e-06   1.496e+11 1.49638e+11
2.67063e-15  7.4665e+07 2.23995e+08
          0           0           0
9.91545e-06   1.496e+11 1.49638e+11
2.69513e-15   7.535e+07  2.2605e+08
          0           0           0
1.00056e-05   1.496e+11 1.49638e+11
2.71963e-15  7.6035e+07 2.28105e+08
          0           0           0
1.00957e-05   1.496e+11 1.49638e+11
2.74413e-15   7.672e+07  2.3016e+08
          0           0           0
1.01859e-05   1.496e+11 1.49638e+11
2.76863e-15  7.7405e+07 2.32215e+08
          0           0           0
 1.0276e-05   1.496e+11 1.49638e+11
2.79313e-15   7.809e+07  2.3427e+08
          0           0           0
1.03661e-05   1.496e+11 1.49638e+11
2.81763e-15  7.8775e+07 2.36325e+08
          0           0           0
1.04563e-05   1.496e+11 1.49638e+11
2.84214e-15   7.946e+07  2.3838e+08
          0           0           0
1.05464e-05   1.496e+11 1.49638e+11
2.86664e-15  8.0145e+07 2.40435e+08
          0           0           0
1.06366e-05   1.496e+11 1.49638e+11
2.89114e-15   8.083e+07  2.4249e+08
          0           0           0
1.07267e-05   1.496e+11 1.49638e+11
2.91564e-15  8.1515e+07 2.44545e+08
          0           0           0
1.08169e-05   1.496e+11 1.49638e+11
2.94014e-15    8.22e+07   2.466e+08
          0           0           0
 1.0907e-05   1.496e+11 1.49638e+11
2.96464e-15  8.2885e+07 2.48655e+08
          0           0           0
1.09971e-05   1.496e+11 1.49638e+11
2.98914e-15   8.357e+07  2.5071e+08
          0           0           0
1.10873e-05   1.496e+11 1.49638e+11
3.01364e-15  8.4255e+07 2.52765e+08
          0           0           0
1.11774e-05   1.496e+11 1.49638e+11
3.03815e-15   8.494e+07  2.5482e+08
          0           0           0
1.12676e-05   1.496e+11 1.49638e+11
3.06265e-15  8.5625e+07 2.56875e+08
          0           0           0
1.13577e-05   1.496e+11 1.49638e+11
3.08715e-15   8.631e+07  2.5893e+08
          0           0           0
1.14478e-05   1.496e+11 1.49638e+11
3.11165e-15  8.6995e+07 2.60985e+08
          0           0           0
 1.1538e-05   1.496e+11 1.49638e+11
3.13615e-15   8.768e+07  2.6304e+08
          0           0           0
1.16281e-05   1.496e+11 1.49638e+11
3.16065e-15  8.8365e+07 2.65095e+08
          0           0           0
1.17183e-05   1.496e+11 1.49638e+11
3.18515e-15   8.905e+07  2.6715e+08
          0           0           0
1.18084e-05   1.496e+11 1.49638e+11
3.20965e-15  8.9735e+07 2.69205e+08
          0           0           0
1.18985e-05   1.496e+11 1.49638e+11
3.23415e-15   9.042e+07  2.7126e+08
          0           0           0
1.19887e-05   1.496e+11 1.49638e+11
3.25866e-15  9.1105e+07 2.73315e+08
          0           0           0
1.20788e-05   1.496e+11 1.49638e+11
3.28316e-15   9.179e+07  2.7537e+08
          0           0           0
 1.2169e-05   1.496e+11 1.49638e+11
3.30766e-15  9.2475e+07 2.77425e+08
          0           0           0
1.22591e-05   1.496e+11 1.49638e+11
3.33216e-15   9.316e+07  2.7948e+08
          0           0           0
1.23492e-05   1.496e+11 1.49638e+11
3.35666e-15  9.3845e+07 2.81535e+08
          0           0           0
1.24394e-05   1.496e+11 1.49638e+11
3.38116e-15   9.453e+07  2.8359e+08
          0           0           0
1.25295e-05   1.496e+11 1.49638e+11
3.40566e-15  9.5215e+07 2.85645e+08
          0           0           0
1.26197e-05   1.496e+11 1.49638e+11
3.43016e-15    9.59e+07   2.877e+08
          0           0           0
1.27098e-05   1.496e+11 1.49638e+11
3.45467e-15  9.6585e+07 2.89755e+08
          0           0           0
1.27999e-05   1.496e+11 1.49638e+11
3.47917e-15   9.727e+07  2.9181e+08
          0           0           0
1.28901e-05   1.496e+11 1.49638e+11
3.50367e-15  9.7955e+07 2.93865e+08
          0           0           0
1.29802e-05   1.496e+11 1.49638e+11
3.52817e-15   9.864e+07  2.9592e+08
          0           0           0
1.30704e-05   1.496e+11 1.49638e+11
3.55267e-15  9.9325e+07 2.97975e+08
          0           0           0
1.31605e-05   1.496e+11 1.49638e+11
3.57717e-15  1.0001e+08  3.0003e+08
          0           0           0
1.32506e-05   1.496e+11 1.49638e+11
3.60167e-15 1.00695e+08 3.02085e+08
          0           0           0
1.33408e-05   1.496e+11 1.49638e+11
3.62617e-15  1.0138e+08  3.0414e+08
          0           0           0
1.34309e-05   1.496e+11 1.49638e+11
3.65067e-15 1.02065e+08 3.06195e+08
          0           0           0
1.35211e-05   1.496e+11 1.49638e+11
3.67518e-15  1.0275e+08  3.0825e+08
          0           0           0
1.36112e-05   1.496e+11 1.49638e+11
3.69968e-15 1.03435e+08 3.10305e+08
          0           0           0
1.37013e-05   1.496e+11 1.49638e+11
3.72418e-15  1.0412e+08  3.1236e+08
          0           0           0
1.37915e-05   1.496e+11 1.49638e+11
3.74868e-15 1.04805e+08 3.14415e+08
          0           0           0
1.38816e-05   1.496e+11 1.49638e+11
3.77318e-15  1.0549e+08  3.1647e+08
          0           0           0
1.39718e-05   1.496e+11 1.49638e+11
3.79768e-15 1.06175e+08 3.18525e+08
          0           0           0
1.40619e-05   1.496e+11 1.49638e+11
3.82218e-15  1.0686e+08  3.2058e+08
          0           0           0
 1.4152e-05   1.496e+11 1.49638e+11
3.84668e-15 1.07545e+08 3.22635e+08
          0           0           0
1.42422e-05   1.496e+11 1.49638e+11
3.87119e-15  1.0823e+08  3.2469e+08
          0           0           0
1.43323e-05   1.496e+11 1.49638e+11
3.89569e-15 1.08915e+08 3.26745e+08
          0           0           0
1.44225e-05   1.496e+11 1.49638e+11
3.92019e-15   1.096e+08   3.288e+08
          0           0           0
1.45126e-05   1.496e+11 1.49638e+11
3.94469e-15 1.10285e+08 3.30855e+08
          0           0           0
1.46028e-05   1.496e+11 1.49638e+11
3.96919e-15  1.1097e+08  3.3291e+08
          0           0           0
1.46929e-05   1.496e+11 1.49638e+11
3.99369e-15 1.11655e+08 3.34965e+08
          0           0           0
 1.4783e-05   1.496e+11 1.49638e+11
4.01819e-15  1.1234e+08  3.3702e+08
          0           0           0
1.48732e-05   1.496e+11 1.49638e+11
4.04269e-15 1.13025e+08 3.39075e+08
          0           0           0
1.49633e-05   1.496e+11 1.49638e+11
4.06719e-15  1.1371e+08  3.4113e+08
          0           0           0
1.50535e-05   1.496e+11 1.49638e+11
 4.0917e-15 1.14395e+08 3.43185e+08
          0           0           0
1.51436e-05   1.496e+11 1.49638e+11
 4.1162e-15  1.1508e+08  3.4524e+08
          0           0           0
1.52337e-05   1.496e+11 1.49638e+11
 4.1407e-15 1.15765e+08 3.47295e+08
          0           0           0
1.53239e-05   1.496e+11 1.49638e+11
 4.1652e-15  1.1645e+08  3.4935e+08
          0           0           0
 1.5414e-05   1.496e+11 1.49638e+11
 4.1897e-15 1.17135e+08 3.51405e+08
          0           0           0
1.55042e-05   1.496e+11 1.49638e+11
 4.2142e-15  1.1782e+08  3.5346e+08
          0           0           0
1.55943e-05   1.496e+11 1.49638e+11
 4.2387e-15 1.18505e+08 3.55515e+08
          0           0           0
1.56844e-05   1.496e+11 1.49638e+11
 4.2632e-15  1.1919e+08  3.5757e+08
          0           0           0
1.57746e-05   1.496e+11 1.49638e+11
4.28771e-15 1.19875e+08 3.59625e+08
          0           0           0
1.58647e-05   1.496e+11 1.49638e+11
4.31221e-15  1.2056e+08  3.6168e+08
          0           0           0
1.59549e-05   1.496e+11 1.49638e+11
4.33671e-15 1.21245e+08 3.63735e+08
          0           0           0
 1.6045e-05   1.496e+11 1.49638e+11
4.36121e-15  1.2193e+08  3.6579e+08
          0           0           0
1.61351e-05   1.496e+11 1.49638e+11
4.38571e-15 1.22615e+08 3.67845e+08
          0           0           0
1.62253e-05   1.496e+11 1.49638e+11
4.41021e-15   1.233e+08   3.699e+08
          0           0           0
1.63154e-05   1.496e+11 1.49638e+11
4.43471e-15 1.23985e+08 3.71955e+08
          0           0           0
1.64056e-05   1.496e+11 1.49638e+11
4.45921e-15  1.2467e+08  3.7401e+08
          0           0           0
1.64957e-05   1.496e+11 1.49638e+11
4.48371e-15 1.25355e+08 3.76065e+08
          0           0           0
1.65858e-05   1.496e+11 1.49638e+11
4.50822e-15  1.2604e+08  3.7812e+08
          0           0           0
 1.6676e-05   1.496e+11 1.49638e+11
4.53272e-15 1.26725e+08 3.80175e+08
          0           0           0
1.67661e-05   1.496e+11 1.49638e+11
4.55722e-15  1.2741e+08  3.8223e+08
          0           0           0
1.68563e-05   1.496e+11 1.49638e+11
4.58172e-15 1.28095e+08 3.84285e+08
          0           0           0
1.69464e-05   1.496e+11 1.49638e+11
4.60622e-15  1.2878e+08  3.8634e+08
          0           0           0
1.70365e-05   1.496e+11 1.49638e+11
4.63072e-15 1.29465e+08 3.88395e+08
          0           0           0
1.71267e-05   1.496e+11 1.49638e+11
4.65522e-15  1.3015e+08  3.9045e+08
          0           0           0
1.72168e-05   1.496e+11 1.49638e+11
4.67972e-15 1.30835e+08 3.92505e+08
          0           0           0
 1.7307e-05   1.496e+11 1.49638e+11
4.70423e-15  1.3152e+08  3.9456e+08
          0           0           0
1.73971e-05   1.496e+11 1.49638e+11
4.72873e-15 1.32205e+08 3.96615e+08
          0           0           0
1.74872e-05   1.496e+11 1.49638e+11
4.75323e-15  1.3289e+08  3.9867e+08
          0           0           0
1.75774e-05   1.496e+11 1.49638e+11
4.77773e-15 1.33575e+08 4.00725e+08
          0           0           0
1.76675e-05   1.496e+11 1.49638e+11
4.80223e-15  1.3426e+08  4.0278e+08
          0           0           0
1.77577e-05   1.496e+11 1.49638e+11
4.82673e-15 1.34945e+08 4.04835e+08
          0           0           0
1.78478e-05   1.496e+11 1.49638e+11
4.85123e-15  1.3563e+08  4.0689e+08
          0           0           0
1.79379e-05   1.496e+11 1.49638e+11
4.87573e-15 1.36315e+08 4.08945e+08
          0           0           0
1.80281e-05   1.496e+11 1.49638e+11
4.90023e-15    1.37e+08    4.11e+08
          0           0           0
1.81182e-05   1.496e+11 1.49638e+11
4.92474e-15 1.37685e+08 4.13055e+08
          0           0           0
1.82084e-05   1.496e+11 1.49638e+11
4.94924e-15  1.3837e+08  4.1511e+08
          0           0           0
1.82985e-05   1.496e+11 1.49638e+11
4.97374e-15 1.39055e+08 4.17165e+08
          0           0           0
1.83886e-05   1.496e+11 1.49638e+11
4.99824e-15  1.3974e+08  4.1922e+08
          0           0           0
1.84788e-05   1.496e+11 1.49638e+11
5.02274e-15 1.40425e+08 4.21275e+08
          0           0           0
1.85689e-05   1.496e+11 1.49638e+11
5.04724e-15  1.4111e+08  4.2333e+08
          0           0           0
1.86591e-05   1.496e+11 1.49638e+11
5.07174e-15 1.41795e+08 4.25385e+08
          0           0           0
1.87492e-05   1.496e+11 1.49638e+11
5.09624e-15  1.4248e+08  4.2744e+08
          0           0           0
1.88394e-05   1.496e+11 1.49638e+11
5.12075e-15 1.43165e+08 4.29495e+08
          0           0           0
1.89295e-05   1.496e+11 1.49638e+11
5.14525e-15  1.4385e+08  4.3155e+08
          0           0           0
1.90196e-05   1.496e+11 1.49638e+11
5.16975e-15 1.44535e+08 4.33605e+08
          0           0           0
1.91098e-05   1.496e+11 1.49638e+11
5.19425e-15  1.4522e+08  4.3566e+08
          0           0           0
1.91999e-05   1.496e+11 1.49638e+11
5.21875e-15 1.45905e+08 4.37715e+08
          0           0           0
1.92901e-05   1.496e+11 1.49638e+11
5.24325e-15  1.4659e+08  4.3977e+08
          0           0           0
1.93802e-05   1.496e+11 1.49638e+11
5.26775e-15 1.47275e+08 4.41825e+08
          0           0           0
1.94703e-05   1.496e+11 1.49638e+11
5.29225e-15  1.4796e+08  4.4388e+08
          0           0           0
1.95605e-05   1.496e+11 1.49638e+11
5.31675e-15 1.48645e+08 4.45935e+08
          0           0           0
1.96506e-05   1.496e+11 1.49638e+11
5.34126e-15  1.4933e+08  4.4799e+08
          0           0           0
1.97408e-05   1.496e+11 1.49638e+11
5.36576e-15 1.50015e+08 4.50045e+08
          0           0           0
1.98309e-05   1.496e+11 1.49638e+11
5.39026e-15   1.507e+08   4.521e+08
          0           0           0
 1.9921e-05   1.496e+11 1.49638e+11
5.41476e-15 1.51385e+08 4.54155e+08
          0           0           0
2.00112e-05   1.496e+11 1.49638e+11
5.43926e-15  1.5207e+08  4.5621e+08
          0           0           0
2.01013e-05   1.496e+11 1.49638e+11
5.46376e-15 1.52755e+08 4.58265e+08
          0           0           0
2.01915e-05   1.496e+11 1.49638e+11
5.48826e-15  1.5344e+08  4.6032e+08
          0           0           0
2.02816e-05   1.496e+11 1.49638e+11
5.51276e-15 1.54125e+08 4.62375e+08
          0           0           0
2.03717e-05   1.496e+11 1.49638e+11
5.53727e-15  1.5481e+08  4.6443e+08
          0           0           0
2.04619e-05   1.496e+11 1.49638e+11
5.56177e-15 1.55495e+08 4.66485e+08
          0           0           0
 2.0552e-05   1.496e+11 1.49638e+11
5.58627e-15  1.5618e+08  4.6854e+08
          0           0           0
2.06422e-05   1.496e+11 1.49638e+11
5.61077e-15 1.56865e+08 4.70595e+08
          0           0           0
2.07323e-05   1.496e+11 1.49638e+11
5.63527e-15  1.5755e+08  4.7265e+08
          0           0           0
2.08224e-05   1.496e+11 1.49638e+11
5.65977e-15 1.58235e+08 4.74705e+08
          0           0           0
2.09126e-05   1.496e+11 1.49638e+11
5.68427e-15  1.5892e+08  4.7676e+08
          0           0           0
2.10027e-05   1.496e+11 1.49638e+11
5.70877e-15 1.59605e+08 4.78815e+08
          0           0           0
2.10929e-05   1.496e+11 1.49638e+11
5.73327e-15  1.6029e+08  4.8087e+08
          0           0           0
 2.1183e-05   1.496e+11 1.49638e+11
5.75778e-15 1.60975e+08 4.82925e+08
          0           0           0
2.12731e-05   1.496e+11 1.49638e+11
5.78228e-15  1.6166e+08  4.8498e+08
          0           0           0
2.13633e-05   1.496e+11 1.49638e+11
5.80678e-15 1.62345e+08 4.87035e+08
          0           0           0
2.14534e-05   1.496e+11 1.49638e+11
5.83128e-15  1.6303e+08  4.8909e+08
          0           0           0
2.15436e-05   1.496e+11 1.49638e+11
5.85578e-15 1.63715e+08 4.91145e+08
          0           0           0
2.16337e-05   1.496e+11 1.49638e+11
5.88028e-15   1.644e+08   4.932e+08
          0           0           0
2.17238e-05   1.496e+11 1.49638e+11
5.90478e-15 1.65085e+08 4.95255e+08
          0           0           0
 2.1814e-05   1.496e+11 1.49638e+11
5.92928e-15  1.6577e+08  4.9731e+08
          0           0           0
2.19041e-05   1.496e+11 1.49638e+11
5.95379e-15 1.66455e+08 4.99365e+08
          0           0           0
2.19943e-05   1.496e+11 1.49638e+11
5.97829e-15  1.6714e+08  5.0142e+08
          0           0           0
2.20844e-05   1.496e+11 1.49638e+11
6.00279e-15 1.67825e+08 5.03475e+08
          0           0           0
2.21745e-05   1.496e+11 1.49638e+11
6.02729e-15  1.6851e+08  5.0553e+08
          0           0           0
2.22647e-05   1.496e+11 1.49638e+11
6.05179e-15 1.69195e+08 5.07585e+08
          0           0           0
2.23548e-05   1.496e+11 1.49638e+11
6.07629e-15  1.6988e+08  5.0964e+08
          0           0           0
 2.2445e-05   1.496e+11 1.49638e+11
6.10079e-15 1.70565e+08 5.11695e+08
          0           0           0
2.25351e-05   1.496e+11 1.49638e+11
6.12529e-15  1.7125e+08  5.1375e+08
          0           0           0
2.26252e-05   1.496e+11 1.49638e+11
6.14979e-15 1.71935e+08 5.15805e+08
          0           0           0
2.27154e-05   1.496e+11 1.49638e+11
 6.1743e-15  1.7262e+08  5.1786e+08
          0           0           0
2.28055e-05   1.496e+11 1.49638e+11
 6.1988e-15 1.73305e+08 5.19915e+08
          0           0           0
2.28957e-05   1.496e+11 1.49638e+11
 6.2233e-15  1.7399e+08  5.2197e+08
          0           0           0
2.29858e-05   1.496e+11 1.49638e+11
 6.2478e-15 1.74675e+08 5.24025e+08
          0           0           0
 2.3076e-05   1.496e+11 1.49638e+11
 6.2723e-15  1.7536e+08  5.2608e+08
          0           0           0
2.31661e-05   1.496e+11 1.49638e+11
 6.2968e-15 1.76045e+08 5.28135e+08
          0           0           0
2.32562e-05   1.496e+11 1.49638e+11
 6.3213e-15  1.7673e+08  5.3019e+08
          0           0           0
2.33464e-05   1.496e+11 1.49638e+11
 6.3458e-15 1.77415e+08 5.32245e+08
          0           0           0
2.34365e-05   1.496e+11 1.49638e+11
 6.3703e-15   1.781e+08   5.343e+08
          0           0           0
2.35267e-05   1.496e+11 1.49638e+11
6.39481e-15 1.78785e+08 5.36355e+08
          0           0           0
2.36168e-05   1.496e+11 1.49638e+11
6.41931e-15  1.7947e+08  5.3841e+08
          0           0           0
2.37069e-05   1.496e+11 1.49638e+11
6.44381e-15 1.80155e+08 5.40465e+08
          0           0           0
2.37971e-05   1.496e+11 1.49638e+11
6.46831e-15  1.8084e+08  5.4252e+08
          0           0           0
2.38872e-05   1.496e+11 1.49638e+11
6.49281e-15 1.81525e+08 5.44575e+08
          0           0           0
2.39774e-05   1.496e+11 1.49638e+11
6.51731e-15  1.8221e+08  5.4663e+08
          0           0           0
2.40675e-05   1.496e+11 1.49638e+11
6.54181e-15 1.82895e+08 5.48685e+08
          0           0           0
2.41576e-05   1.496e+11 1.49638e+11
6.56631e-15  1.8358e+08  5.5074e+08
          0           0           0
2.42478e-05   1.496e+11 1.49638e+11
6.59082e-15 1.84265e+08 5.52795e+08
          0           0           0
2.43379e-05   1.496e+11 1.49638e+11
6.61532e-15  1.8495e+08  5.5485e+08
          0           0           0
2.44281e-05   1.496e+11 1.49638e+11
6.63982e-15 1.85635e+08 5.56905e+08
          0           0           0
2.45182e-05   1.496e+11 1.49638e+11
6.66432e-15  1.8632e+08  5.5896e+08
          0           0           0
2.46083e-05   1.496e+11 1.49638e+11
6.68882e-15 1.87005e+08 5.61015e+08
          0           0           0
2.46985e-05   1.496e+11 1.49638e+11
6.71332e-15  1.8769e+08  5.6307e+08
          0           0           0
2.47886e-05   1.496e+11 1.49638e+11
6.73782e-15 1.88375e+08 5.65125e+08
          0           0           0
2.48788e-05   1.496e+11 1.49638e+11
6.76232e-15  1.8906e+08  5.6718e+08
          0           0           0
2.49689e-05   1.496e+11 1.49638e+11
6.78682e-15 1.89745e+08 5.69235e+08
          0           0           0
 2.5059e-05   1.496e+11 1.49638e+11
6.81133e-15  1.9043e+08  5.7129e+08
          0           0           0
2.51492e-05   1.496e+11 1.49638e+11
6.83583e-15 1.91115e+08 5.73345e+08
          0           0           0
2.52393e-05   1.496e+11 1.49638e+11
6.86033e-15   1.918e+08   5.754e+08
          0           0           0
2.53295e-05   1.496e+11 1.49638e+11
6.88483e-15 1.92485e+08 5.77455e+08
          0           0           0
2.54196e-05   1.496e+11 1.49638e+11
6.90933e-15  1.9317e+08  5.7951e+08
          0           0           0
2.55097e-05   1.496e+11 1.49638e+11
6.93383e-15 1.93855e+08 5.81565e+08
          0           0           0
2.55999e-05   1.496e+11 1.49638e+11
6.95833e-15  1.9454e+08  5.8362e+08
          0           0           0
  2.569e-05   1.496e+11 1.49638e+11
6.98283e-15 1.95225e+08 5.85675e+08
          0           0           0
2.57802e-05   1.496e+11 1.49638e+11
7.00734e-15  1.9591e+08  5.8773e+08
          0           0           0
2.58703e-05   1.496e+11 1.49638e+11
7.03184e-15 1.96595e+08 5.89785e+08
          0           0           0
2.59604e-05   1.496e+11 1.49638e+11
7.05634e-15  1.9728e+08  5.9184e+08
          0           0           0
2.60506e-05   1.496e+11 1.49638e+11
7.08084e-15 1.97965e+08 5.93895e+08
          0           0           0
2.61407e-05   1.496e+11 1.49638e+11
7.10534e-15  1.9865e+08  5.9595e+08
          0           0           0
2.62309e-05   1.496e+11 1.49638e+11
7.12984e-15 1.99335e+08 5.98005e+08
          0           0           0
 2.6321e-05   1.496e+11 1.49638e+11
7.15434e-15  2.0002e+08  6.0006e+08
          0           0           0
2.64111e-05   1.496e+11 1.49638e+11
7.17884e-15 2.00705e+08 6.02115e+08
          0           0           0
2.65013e-05   1.496e+11 1.49638e+11
7.20334e-15  2.0139e+08  6.0417e+08
          0           0           0
2.65914e-05   1.496e+11 1.49638e+11
7.22785e-15 2.02075e+08 6.06225e+08
          0           0           0
2.66816e-05   1.496e+11 1.49638e+11
7.25235e-15  2.0276e+08  6.0828e+08
          0           0           0
2.67717e-05   1.496e+11 1.49638e+11
7.27685e-15 2.03445e+08 6.10335e+08
          0           0           0
2.68619e-05   1.496e+11 1.49638e+11
7.30135e-15  2.0413e+08  6.1239e+08
          0           0           0
 2.6952e-05   1.496e+11 1.49638e+11
7.32585e-15 2.04815e+08 6.14445e+08
          0           0           0
2.70421e-05   1.496e+11 1.49638e+11
7.35035e-15   2.055e+08   6.165e+08
          0           0           0
2.71323e-05   1.496e+11 1.49638e+11
7.37485e-15 2.06185e+08 6.18555e+08
          0           0           0
2.72224e-05   1.496e+11 1.49638e+11
7.39935e-15  2.0687e+08  6.2061e+08
          0           0           0
2.73126e-05   1.496e+11 1.49638e+11
7.42386e-15 2.07555e+08 6.22665e+08
          0           0           0
2.74027e-05   1.496e+11 1.49638e+11
7.44836e-15  2.0824e+08  6.2472e+08
          0           0           0
2.74928e-05   1.496e+11 1.49638e+11
7.47286e-15 2.08925e+08 6.26775e+08
          0           0           0
 2.7583e-05   1.496e+11 1.49638e+11
7.49736e-15  2.0961e+08  6.2883e+08
          0           0           0
2.76731e-05   1.496e+11 1.49638e+11
7.52186e-15 2.10295e+08 6.30885e+08
          0           0           0
2.77633e-05   1.496e+11 1.49638e+11
7.54636e-15  2.1098e+08  6.3294e+08
          0           0           0
2.78534e-05   1.496e+11 1.49638e+11
7.57086e-15 2.11665e+08 6.34995e+08
          0           0           0
2.79435e-05   1.496e+11 1.49638e+11
7.59536e-15  2.1235e+08  6.3705e+08
          0           0           0
2.80337e-05   1.496e+11 1.49638e+11
7.61986e-15 2.13035e+08 6.39105e+08
          0           0           0
2.81238e-05   1.496e+11 1.49638e+11
7.64437e-15  2.1372e+08  6.4116e+08
          0           0           0
 2.8214e-05   1.496e+11 1.49638e+11
7.66887e-15 2.14405e+08 6.43215e+08
          0           0           0
2.83041e-05   1.496e+11 1.49638e+11
7.69337e-15  2.1509e+08  6.4527e+08
          0           0           0
2.83942e-05   1.496e+11 1.49638e+11
7.71787e-15 2.15775e+08 6.47325e+08
          0           0           0
2.84844e-05   1.496e+11 1.49638e+11
7.74237e-15  2.1646e+08  6.4938e+08
          0           0           0
2.85745e-05   1.496e+11 1.49638e+11
7.76687e-15 2.17145e+08 6.51435e+08
          0           0           0
2.86647e-05   1.496e+11 1.49638e+11
7.79137e-15  2.1783e+08  6.5349e+08
          0           0           0
2.87548e-05   1.496e+11 1.49638e+11
7.81587e-15 2.18515e+08 6.55545e+08
          0           0           0
2.88449e-05   1.496e+11 1.49638e+11
7.84038e-15   2.192e+08   6.576e+08
          0           0           0
2.89351e-05   1.496e+11 1.49638e+11
7.86488e-15 2.19885e+08 6.59655e+08
          0           0           0
2.90252e-05   1.496e+11 1.49638e+11
7.88938e-15  2.2057e+08  6.6171e+08
          0           0           0
2.91154e-05   1.496e+11 1.49638e+11
7.91388e-15 2.21255e+08 6.63765e+08
          0           0           0
2.92055e-05   1.496e+11 1.49638e+11
7.93838e-15  2.2194e+08  6.6582e+08
          0           0           0
2.92956e-05   1.496e+11 1.49638e+11
7.96288e-15 2.22625e+08 6.67875e+08
          0           0           0
2.93858e-05   1.496e+11 1.49638e+11
7.98738e-15  2.2331e+08  6.6993e+08
          0           0           0
2.94759e-05   1.496e+11 1.49638e+11
8.01188e-15 2.23995e+08 6.71985e+08
          0           0           0
2.95661e-05   1.496e+11 1.49638e+11
8.03638e-15  2.2468e+08  6.7404e+08
          0           0           0
2.96562e-05   1.496e+11 1.49638e+11
8.06089e-15 2.25365e+08 6.76095e+08
          0           0           0
2.97463e-05   1.496e+11 1.49638e+11
8.08539e-15  2.2605e+08  6.7815e+08
          0           0           0
2.98365e-05   1.496e+11 1.49638e+11
8.10989e-15 2.26735e+08 6.80205e+08
          0           0           0
2.99266e-05   1.496e+11 1.49638e+11
8.13439e-15  2.2742e+08  6.8226e+08
          0           0           0
3.00168e-05   1.496e+11 1.49638e+11
8.15889e-15 2.28105e+08 6.84315e+08
          0           0           0
3.01069e-05   1.496e+11 1.49638e+11
8.18339e-15  2.2879e+08  6.8637e+08
          0           0           0
 3.0197e-05   1.496e+11 1.49638e+11
8.20789e-15 2.29475e+08 6.88425e+08
          0           0           0
3.02872e-05   1.496e+11 1.49638e+11
8.23239e-15  2.3016e+08  6.9048e+08
          0           0           0
3.03773e-05   1.496e+11 1.49638e+11
 8.2569e-15 2.30845e+08 6.92535e+08
          0           0           0
3.04675e-05   1.496e+11 1.49638e+11
 8.2814e-15  2.3153e+08  6.9459e+08
          0           0           0
3.05576e-05   1.496e+11 1.49638e+11
 8.3059e-15 2.32215e+08 6.96645e+08
          0           0           0
3.06477e-05   1.496e+11 1.49638e+11
 8.3304e-15   2.329e+08   6.987e+08
          0           0           0
3.07379e-05   1.496e+11 1.49638e+11
 8.3549e-15 2.33585e+08 7.00755e+08
          0           0           0
 3.0828e-05   1.496e+11 1.49638e+11
 8.3794e-15  2.3427e+08  7.0281e+08
          0           0           0
3.09182e-05   1.496e+11 1.49638e+11
 8.4039e-15 2.34955e+08 7.04865e+08
          0           0           0
3.10083e-05   1.496e+11 1.49638e+11
 8.4284e-15  2.3564e+08  7.0692e+08
          0           0           0
3.10985e-05   1.496e+11 1.49638e+11
 8.4529e-15 2.36325e+08 7.08975e+08
          0           0           0
3.11886e-05   1.496e+11 1.49638e+11
8.47741e-15  2.3701e+08  7.1103e+08
          0           0           0
3.12787e-05   1.496e+11 1.49638e+11
8.50191e-15 2.37695e+08 7.13085e+08
          0           0           0
3.13689e-05   1.496e+11 1.49638e+11
8.52641e-15  2.3838e+08  7.1514e+08
          0           0           0
 3.1459e-05   1.496e+11 1.49638e+11
8.55091e-15 2.39065e+08 7.17195e+08
          0           0           0
3.15492e-05   1.496e+11 1.49638e+11
8.57541e-15  2.3975e+08  7.1925e+08
          0           0           0
3.16393e-05   1.496e+11 1.49638e+11
8.59991e-15 2.40435e+08 7.21305e+08
          0           0           0
3.17294e-05   1.496e+11 1.49638e+11
8.62441e-15  2.4112e+08  7.2336e+08
          0           0           0
3.18196e-05   1.496e+11 1.49638e+11
8.64891e-15 2.41805e+08 7.25415e+08
          0           0           0
3.19097e-05   1.496e+11 1.49638e+11
8.67342e-15  2.4249e+08  7.2747e+08
          0           0           0
3.19999e-05   1.496e+11 1.49638e+11
8.69792e-15 2.43175e+08 7.29525e+08
          0           0           0
  3.209e-05   1.496e+11 1.49638e+11
8.72242e-15  2.4386e+08  7.3158e+08
          0           0           0
3.21801e-05   1.496e+11 1.49638e+11
8.74692e-15 2.44545e+08 7.33635e+08
          0           0           0
3.22703e-05   1.496e+11 1.49638e+11
8.77142e-15  2.4523e+08  7.3569e+08
          0           0           0
3.23604e-05   1.496e+11 1.49638e+11
8.79592e-15 2.45915e+08 7.37745e+08
          0           0           0
3.24506e-05   1.496e+11 1.49638e+11
8.82042e-15   2.466e+08   7.398e+08
          0           0           0
3.25407e-05   1.496e+11 1.49638e+11
8.84492e-15 2.47285e+08 7.41855e+08
          0           0           0
3.26308e-05   1.496e+11 1.49638e+11
8.86942e-15  2.4797e+08  7.4391e+08
          0           0           0
 3.2721e-05   1.496e+11 1.49638e+11
8.89393e-15 2.48655e+08 7.45965e+08
          0           0           0
3.28111e-05   1.496e+11 1.49638e+11
8.91843e-15  2.4934e+08  7.4802e+08
          0           0           0
3.29013e-05   1.496e+11 1.49638e+11
8.94293e-15 2.50025e+08 7.50075e+08
          0           0           0
3.29914e-05   1.496e+11 1.49638e+11
8.96743e-15  2.5071e+08  7.5213e+08
          0           0           0
3.30815e-05   1.496e+11 1.49638e+11
8.99193e-15 2.51395e+08 7.54185e+08
          0           0           0
3.31717e-05   1.496e+11 1.49638e+11
9.01643e-15  2.5208e+08  7.5624e+08
          0           0           0
3.32618e-05   1.496e+11 1.49638e+11
9.04093e-15 2.52765e+08 7.58295e+08
          0           0           0
 3.3352e-05   1.496e+11 1.49638e+11
9.06543e-15  2.5345e+08  7.6035e+08
          0           0           0
3.34421e-05   1.496e+11 1.49638e+11
9.08994e-15 2.54135e+08 7.62405e+08
          0           0           0
3.35322e-05   1.496e+11 1.49638e+11
9.11444e-15  2.5482e+08  7.6446e+08
          0           0           0
3.36224e-05   1.496e+11 1.49638e+11
9.13894e-15 2.55505e+08 7.66515e+08
          0           0           0
3.37125e-05   1.496e+11 1.49638e+11
9.16344e-15  2.5619e+08  7.6857e+08
          0           0           0
3.38027e-05   1.496e+11 1.49638e+11
9.18794e-15 2.56875e+08 7.70625e+08
          0           0           0
3.38928e-05   1.496e+11 1.49638e+11
9.21244e-15  2.5756e+08  7.7268e+08
          0           0           0
3.39829e-05   1.496e+11 1.49638e+11
9.23694e-15 2.58245e+08 7.74735e+08
          0           0           0
3.40731e-05   1.496e+11 1.49638e+11
9.26144e-15  2.5893e+08  7.7679e+08
          0           0           0
3.41632e-05   1.496e+11 1.49638e+11
9.28594e-15 2.59615e+08 7.78845e+08
          0           0           0
3.42534e-05   1.496e+11 1.49638e+11
9.31045e-15   2.603e+08   7.809e+08
          0           0           0
3.43435e-05   1.496e+11 1.49638e+11
9.33495e-15 2.60985e+08 7.82955e+08
          0           0           0
3.44336e-05   1.496e+11 1.49638e+11
9.35945e-15  2.6167e+08  7.8501e+08
          0           0           0
3.45238e-05   1.496e+11 1.49638e+11
9.38395e-15 2.62355e+08 7.87065e+08
          0           0           0
3.46139e-05   1.496e+11 1.49638e+11
9.40845e-15  2.6304e+08  7.8912e+08
          0           0           0
3.47041e-05   1.496e+11 1.49638e+11
9.43295e-15 2.63725e+08 7.91175e+08
          0           0           0
3.47942e-05   1.496e+11 1.49638e+11
9.45745e-15  2.6441e+08  7.9323e+08
          0           0           0
3.48843e-05   1.496e+11 1.49638e+11
9.48195e-15 2.65095e+08 7.95285e+08
          0           0           0
3.49745e-05   1.496e+11 1.49638e+11
9.50646e-15  2.6578e+08  7.9734e+08
          0           0           0
3.50646e-05   1.496e+11 1.49638e+11
9.53096e-15 2.66465e+08 7.99395e+08
          0           0           0
3.51548e-05   1.496e+11 1.49638e+11
9.55546e-15  2.6715e+08  8.0145e+08
          0           0           0
3.52449e-05   1.496e+11 1.49638e+11
9.57996e-15 2.67835e+08 8.03505e+08
          0           0           0
3.53351e-05   1.496e+11 1.49638e+11
9.60446e-15  2.6852e+08  8.0556e+08
          0           0           0
3.54252e-05   1.496e+11 1.49638e+11
9.62896e-15 2.69205e+08 8.07615e+08
          0           0           0
3.55153e-05   1.496e+11 1.49638e+11
9.65346e-15  2.6989e+08  8.0967e+08
          0           0           0
3.56055e-05   1.496e+11 1.49638e+11
9.67796e-15 2.70575e+08 8.11725e+08
          0           0           0
3.56956e-05   1.496e+11 1.49638e+11
9.70246e-15  2.7126e+08  8.1378e+08
          0           0           0
3.57858e-05   1.496e+11 1.49638e+11
9.72697e-15 2.71945e+08 8.15835e+08
          0           0           0
3.58759e-05   1.496e+11 1.49638e+11
9.75147e-15  2.7263e+08  8.1789e+08
          0           0           0
 3.5966e-05   1.496e+11 1.49638e+11
9.77597e-15 2.73315e+08 8.19945e+08
          0           0           0
3.60562e-05   1.496e+11 1.49638e+11
9.80047e-15    2.74e+08    8.22e+08
          0           0           0
3.61463e-05   1.496e+11 1.49638e+11
9.82497e-15 2.74685e+08 8.24055e+08
          0           0           0
3.62365e-05   1.496e+11 1.49638e+11
9.84947e-15  2.7537e+08  8.2611e+08
          0           0           0
3.63266e-05   1.496e+11 1.49638e+11
9.87397e-15 2.76055e+08 8.28165e+08
          0           0           0
3.64167e-05   1.496e+11 1.49638e+11
9.89847e-15  2.7674e+08  8.3022e+08
          0           0           0
3.65069e-05   1.496e+11 1.49638e+11
9.92298e-15 2.77425e+08 8.32275e+08
          0           0           0
 3.6597e-05   1.496e+11 1.49638e+11
9.94748e-15  2.7811e+08  8.3433e+08
          0           0           0
3.66872e-05   1.496e+11 1.49638e+11
9.97198e-15 2.78795e+08 8.36385e+08
          0           0           0
3.67773e-05   1.496e+11 1.49638e+11
9.99648e-15  2.7948e+08  8.3844e+08
          0           0           0
3.68674e-05   1.496e+11 1.49638e+11
 1.0021e-14 2.80165e+08 8.40495e+08
          0           0           0
3.69576e-05   1.496e+11 1.49638e+11
1.00455e-14  2.8085e+08  8.4255e+08
          0           0           0
3.70477e-05   1.496e+11 1.49638e+11
  1.007e-14 2.81535e+08 8.44605e+08
          0           0           0
3.71379e-05   1.496e+11 1.49638e+11
1.00945e-14  2.8222e+08  8.4666e+08
          0           0           0
 3.7228e-05   1.496e+11 1.49638e+11
 1.0119e-14 2.82905e+08 8.48715e+08
          0           0           0
3.73181e-05   1.496e+11 1.49638e+11
1.01435e-14  2.8359e+08  8.5077e+08
          0           0           0
3.74083e-05   1.496e+11 1.49638e+11
 1.0168e-14 2.84275e+08 8.52825e+08
          0           0           0
3.74984e-05   1.496e+11 1.49638e+11
1.01925e-14  2.8496e+08  8.5488e+08
          0           0           0
3.75886e-05   1.496e+11 1.49638e+11
 1.0217e-14 2.85645e+08 8.56935e+08
          0           0           0
3.76787e-05   1.496e+11 1.49638e+11
1.02415e-14  2.8633e+08  8.5899e+08
          0           0           0
3.77688e-05   1.496e+11 1.49638e+11
 1.0266e-14 2.87015e+08 8.61045e+08
          0           0           0
 3.7859e-05   1.496e+11 1.49638e+11
1.02905e-14   2.877e+08   8.631e+08
          0           0           0
3.79491e-05   1.496e+11 1.49638e+11
 1.0315e-14 2.88385e+08 8.65155e+08
          0           0           0
3.80393e-05   1.496e+11 1.49638e+11
1.03395e-14  2.8907e+08  8.6721e+08
          0           0           0
3.81294e-05   1.496e+11 1.49638e+11
 1.0364e-14 2.89755e+08 8.69265e+08
          0           0           0
3.82195e-05   1.496e+11 1.49638e+11
1.03885e-14  2.9044e+08  8.7132e+08
          0           0           0
3.83097e-05   1.496e+11 1.49638e+11
 1.0413e-14 2.91125e+08 8.73375e+08
          0           0           0
3.83998e-05   1.496e+11 1.49638e+11
1.04375e-14  2.9181e+08  8.7543e+08
          0           0           0
  3.849e-05   1.496e+11 1.49638e+11
 1.0462e-14 2.92495e+08 8.77485e+08
          0           0           0
3.85801e-05   1.496e+11 1.49638e+11
1.04865e-14  2.9318e+08  8.7954e+08
          0           0           0
3.86702e-05   1.496e+11 1.49638e+11
 1.0511e-14 2.93865e+08 8.81595e+08
          0           0           0
3.87604e-05   1.496e+11 1.49638e+11
1.05355e-14  2.9455e+08  8.8365e+08
          0           0           0
3.88505e-05   1.496e+11 1.49638e+11
  1.056e-14 2.95235e+08 8.85705e+08
          0           0           0
3.89407e-05   1.496e+11 1.49638e+11
1.05845e-14  2.9592e+08  8.8776e+08
          0           0           0
3.90308e-05   1.496e+11 1.49638e+11
 1.0609e-14 2.96605e+08 8.89815e+08
          0           0           0
 3.9121e-05   1.496e+11 1.49638e+11
1.06335e-14  2.9729e+08  8.9187e+08
          0           0           0
3.92111e-05   1.496e+11 1.49638e+11
 1.0658e-14 2.97975e+08 8.93925e+08
          0           0           0
3.93012e-05   1.496e+11 1.49638e+11
1.06825e-14  2.9866e+08  8.9598e+08
          0           0           0
3.93914e-05   1.496e+11 1.49638e+11
 1.0707e-14 2.99345e+08 8.98035e+08
          0           0           0
3.94815e-05   1.496e+11 1.49638e+11
1.07315e-14  3.0003e+08  9.0009e+08
          0           0           0
3.95717e-05   1.496e+11 1.49638e+11
 1.0756e-14 3.00715e+08 9.02145e+08
          0           0           0
3.96618e-05   1.496e+11 1.49638e+11
1.07805e-14   3.014e+08   9.042e+08
          0           0           0
3.97519e-05   1.496e+11 1.49638e+11
 1.0805e-14 3.02085e+08 9.06255e+08
          0           0           0
3.98421e-05   1.496e+11 1.49638e+11
1.08295e-14  3.0277e+08  9.0831e+08
          0           0           0
3.99322e-05   1.496e+11 1.49638e+11
 1.0854e-14 3.03455e+08 9.10365e+08
          0           0           0
4.00224e-05   1.496e+11 1.49638e+11
1.08785e-14  3.0414e+08  9.1242e+08
          0           0           0
4.01125e-05   1.496e+11 1.49638e+11
 1.0903e-14 3.04825e+08 9.14475e+08
          0           0           0
4.02026e-05   1.496e+11 1.49638e+11
1.09275e-14  3.0551e+08  9.1653e+08
          0           0           0
4.02928e-05   1.496e+11 1.49638e+11
 1.0952e-14 3.06195e+08 9.18585e+08
          0           0           0
4.03829e-05   1.496e+11 1.49638e+11
1.09765e-14  3.0688e+08  9.2064e+08
          0           0           0
4.04731e-05   1.496e+11 1.49638e+11
 1.1001e-14 3.07565e+08 9.22695e+08
          0           0           0
4.05632e-05   1.496e+11 1.49638e+11
1.10255e-14  3.0825e+08  9.2475e+08
          0           0           0
4.06533e-05   1.496e+11 1.49638e+11
  1.105e-14 3.08935e+08 9.26805e+08
          0           0           0
4.07435e-05   1.496e+11 1.49638e+11
1.10745e-14  3.0962e+08  9.2886e+08
          0           0           0
4.08336e-05   1.496e+11 1.49638e+11
 1.1099e-14 3.10305e+08 9.30915e+08
          0           0           0
4.09238e-05   1.496e+11 1.49638e+11
1.11235e-14  3.1099e+08  9.3297e+08
          0           0           0
4.10139e-05   1.496e+11 1.49638e+11
 1.1148e-14 3.11675e+08 9.35025e+08
          0           0           0
 4.1104e-05   1.496e+11 1.49638e+11
1.11725e-14  3.1236e+08  9.3708e+08
          0           0           0
4.11942e-05   1.496e+11 1.49638e+11
 1.1197e-14 3.13045e+08 9.39135e+08
          0           0           0
4.12843e-05   1.496e+11 1.49638e+11
1.12215e-14  3.1373e+08  9.4119e+08
          0           0           0
4.13745e-05   1.496e+11 1.49638e+11
 1.1246e-14 3.14415e+08 9.43245e+08
          0           0           0
4.14646e-05   1.496e+11 1.49638e+11
1.12705e-14   3.151e+08   9.453e+08
          0           0           0
4.15547e-05   1.496e+11 1.49638e+11
 1.1295e-14 3.15785e+08 9.47355e+08
          0           0           0
4.16449e-05   1.496e+11 1.49638e+11
1.13195e-14  3.1647e+08  9.4941e+08
          0           0           0
 4.1735e-05   1.496e+11 1.49638e+11
 1.1344e-14 3.17155e+08 9.51465e+08
          0           0           0
4.18252e-05   1.496e+11 1.49638e+11
1.13685e-14  3.1784e+08  9.5352e+08
          0           0           0
4.19153e-05   1.496e+11 1.49638e+11
 1.1393e-14 3.18525e+08 9.55575e+08
          0           0           0
4.20054e-05   1.496e+11 1.49638e+11
1.14175e-14  3.1921e+08  9.5763e+08
          0           0           0
4.20956e-05   1.496e+11 1.49638e+11
 1.1442e-14 3.19895e+08 9.59685e+08
          0           0           0
4.21857e-05   1.496e+11 1.49638e+11
1.14665e-14  3.2058e+08  9.6174e+08
          0           0           0
4.22759e-05   1.496e+11 1.49638e+11
1.14911e-14 3.21265e+08 9.63795e+08
          0           0           0
 4.2366e-05   1.496e+11 1.49638e+11
1.15156e-14  3.2195e+08  9.6585e+08
          0           0           0
4.24561e-05   1.496e+11 1.49638e+11
1.15401e-14 3.22635e+08 9.67905e+08
          0           0           0
4.25463e-05   1.496e+11 1.49638e+11
1.15646e-14  3.2332e+08  9.6996e+08
          0           0           0
4.26364e-05   1.496e+11 1.49638e+11
1.15891e-14 3.24005e+08 9.72015e+08
          0           0           0
4.27266e-05   1.496e+11 1.49638e+11
1.16136e-14  3.2469e+08  9.7407e+08
          0           0           0
4.28167e-05   1.496e+11 1.49638e+11
1.16381e-14 3.25375e+08 9.76125e+08
          0           0           0
4.29068e-05   1.496e+11 1.49638e+11
1.16626e-14  3.2606e+08  9.7818e+08
          0           0           0
 4.2997e-05   1.496e+11 1.49638e+11
1.16871e-14 3.26745e+08 9.80235e+08
          0           0           0
4.30871e-05   1.496e+11 1.49638e+11
1.17116e-14  3.2743e+08  9.8229e+08
          0           0           0
4.31773e-05   1.496e+11 1.49638e+11
1.17361e-14 3.28115e+08 9.84345e+08
          0           0           0
4.32674e-05   1.496e+11 1.49638e+11
1.17606e-14   3.288e+08   9.864e+08
          0           0           0
4.33576e-05   1.496e+11 1.49638e+11
1.17851e-14 3.29485e+08 9.88455e+08
          0           0           0
4.34477e-05   1.496e+11 1.49638e+11
1.18096e-14  3.3017e+08  9.9051e+08
          0           0           0
4.35378e-05   1.496e+11 1.49638e+11
1.18341e-14 3.30855e+08 9.92565e+08
          0           0           0
 4.3628e-05   1.496e+11 1.49638e+11
1.18586e-14  3.3154e+08  9.9462e+08
          0           0           0
4.37181e-05   1.496e+11 1.49638e+11
1.18831e-14 3.32225e+08 9.96675e+08
          0           0           0
4.38083e-05   1.496e+11 1.49638e+11
1.19076e-14  3.3291e+08  9.9873e+08
          0           0           0
4.38984e-05   1.496e+11 1.49638e+11
1.19321e-14 3.33595e+08 1.00079e+09
          0           0           0
4.39885e-05   1.496e+11 1.49638e+11
1.19566e-14  3.3428e+08 1.00284e+09
          0           0           0
4.40787e-05   1.496e+11 1.49638e+11
1.19811e-14 3.34965e+08  1.0049e+09
          0           0           0
4.41688e-05   1.496e+11 1.49638e+11
1.20056e-14  3.3565e+08 1.00695e+09
          0           0           0
 4.4259e-05   1.496e+11 1.49638e+11
1.20301e-14 3.36335e+08 1.00901e+09
          0           0           0
4.43491e-05   1.496e+11 1.49638e+11
1.20546e-14  3.3702e+08 1.01106e+09
          0           0           0
4.44392e-05   1.496e+11 1.49638e+11
1.20791e-14 3.37705e+08 1.01312e+09
          0           0           0
4.45294e-05   1.496e+11 1.49638e+11
1.21036e-14  3.3839e+08 1.01517e+09
          0           0           0
4.46195e-05   1.496e+11 1.49638e+11
1.21281e-14 3.39075e+08 1.01723e+09
          0           0           0
4.47097e-05   1.496e+11 1.49638e+11
1.21526e-14  3.3976e+08 1.01928e+09
          0           0           0
4.47998e-05   1.496e+11 1.49638e+11
1.21771e-14 3.40445e+08 1.02134e+09
          0           0           0
4.48899e-05   1.496e+11 1.49638e+11
1.22016e-14  3.4113e+08 1.02339e+09
          0           0           0
4.49801e-05   1.496e+11 1.49638e+11
1.22261e-14 3.41815e+08 1.02545e+09
          0           0           0
4.50702e-05   1.496e+11 1.49638e+11
1.22506e-14   3.425e+08  1.0275e+09
          0           0           0
4.51604e-05   1.496e+11 1.49638e+11
1.22751e-14 3.43185e+08 1.02956e+09
          0           0           0
4.52505e-05   1.496e+11 1.49638e+11
1.22996e-14  3.4387e+08 1.03161e+09
          0           0           0
4.53406e-05   1.496e+11 1.49638e+11
1.23241e-14 3.44555e+08 1.03367e+09
          0           0           0
4.54308e-05   1.496e+11 1.49638e+11
1.23486e-14  3.4524e+08 1.03572e+09
          0           0           0
4.55209e-05   1.496e+11 1.49638e+11
1.23731e-14 3.45925e+08 1.03778e+09
          0           0           0
4.56111e-05   1.496e+11 1.49638e+11
1.23976e-14  3.4661e+08 1.03983e+09
          0           0           0
4.57012e-05   1.496e+11 1.49638e+11
1.24221e-14 3.47295e+08 1.04189e+09
          0           0           0
4.57913e-05   1.496e+11 1.49638e+11
1.24466e-14  3.4798e+08 1.04394e+09
          0           0           0
4.58815e-05   1.496e+11 1.49638e+11
1.24711e-14 3.48665e+08   1.046e+09
          0           0           0
4.59716e-05   1.496e+11 1.49638e+11
1.24956e-14  3.4935e+08 1.04805e+09
          0           0           0
4.60618e-05   1.496e+11 1.49638e+11
1.25201e-14 3.50035e+08 1.05011e+09
          0           0           0
4.61519e-05   1.496e+11 1.49638e+11
1.25446e-14  3.5072e+08 1.05216e+09
          0           0           0
 4.6242e-05   1.496e+11 1.49638e+11
1.25691e-14 3.51405e+08 1.05422e+09
          0           0           0
4.63322e-05   1.496e+11 1.49638e+11
1.25936e-14  3.5209e+08 1.05627e+09
          0           0           0
4.64223e-05   1.496e+11 1.49638e+11
1.26181e-14 3.52775e+08 1.05833e+09
          0           0           0
4.65125e-05   1.496e+11 1.49638e+11
1.26426e-14  3.5346e+08 1.06038e+09
          0           0           0
4.66026e-05   1.496e+11 1.49638e+11
1.26671e-14 3.54145e+08 1.06244e+09
          0           0           0
4.66927e-05   1.496e+11 1.49638e+11
1.26916e-14  3.5483e+08 1.06449e+09
          0           0           0
4.67829e-05   1.496e+11 1.49638e+11
1.27161e-14 3.55515e+08 1.06655e+09
          0           0           0
 4.6873e-05   1.496e+11 1.49638e+11
1.27406e-14   3.562e+08  1.0686e+09
          0           0           0
4.69632e-05   1.496e+11 1.49638e+11
1.27651e-14 3.56885e+08 1.07066e+09
          0           0           0
4.70533e-05   1.496e+11 1.49638e+11
1.27896e-14  3.5757e+08 1.07271e+09
          0           0           0
4.71434e-05   1.496e+11 1.49638e+11
1.28141e-14 3.58255e+08 1.07477e+09
          0           0           0
4.72336e-05   1.496e+11 1.49638e+11
1.28386e-14  3.5894e+08 1.07682e+09
          0           0           0
4.73237e-05   1.496e+11 1.49638e+11
1.28631e-14 3.59625e+08 1.07888e+09
          0           0           0
4.74139e-05   1.496e+11 1.49638e+11
1.28876e-14  3.6031e+08 1.08093e+09
          0           0           0
 4.7504e-05   1.496e+11 1.49638e+11
1.29121e-14 3.60995e+08 1.08299e+09
          0           0           0
4.75942e-05   1.496e+11 1.49638e+11
1.29366e-14  3.6168e+08 1.08504e+09
          0           0           0
4.76843e-05   1.496e+11 1.49638e+11
1.29611e-14 3.62365e+08  1.0871e+09
          0           0           0
4.77744e-05   1.496e+11 1.49638e+11
1.29856e-14  3.6305e+08 1.08915e+09
          0           0           0
4.78646e-05   1.496e+11 1.49638e+11
1.30101e-14 3.63735e+08 1.09121e+09
          0           0           0
4.79547e-05   1.496e+11 1.49638e+11
1.30346e-14  3.6442e+08 1.09326e+09
          0           0           0
4.80449e-05   1.496e+11 1.49638e+11
1.30591e-14 3.65105e+08 1.09532e+09
          0           0           0
 4.8135e-05   1.496e+11 1.49638e+11
1.30836e-14  3.6579e+08 1.09737e+09
          0           0           0
4.82251e-05   1.496e+11 1.49638e+11
1.31081e-14 3.66475e+08 1.09943e+09
          0           0           0
4.83153e-05   1.496e+11 1.49638e+11
1.31326e-14  3.6716e+08 1.10148e+09
          0           0           0
4.84054e-05   1.496e+11 1.49638e+11
1.31571e-14 3.67845e+08 1.10354e+09
          0           0           0
4.84956e-05   1.496e+11 1.49638e+11
1.31816e-14  3.6853e+08 1.10559e+09
          0           0           0
4.85857e-05   1.496e+11 1.49638e+11
1.32061e-14 3.69215e+08 1.10765e+09
          0           0           0
4.86758e-05   1.496e+11 1.49638e+11
1.32306e-14   3.699e+08  1.1097e+09
          0           0           0
 4.8766e-05   1.496e+11 1.49638e+11
1.32551e-14 3.70585e+08 1.11176e+09
          0           0           0
4.88561e-05   1.496e+11 1.49638e+11
1.32796e-14  3.7127e+08 1.11381e+09
          0           0           0
4.89463e-05   1.496e+11 1.49638e+11
1.33041e-14 3.71955e+08 1.11587e+09
          0           0           0
4.90364e-05   1.496e+11 1.49638e+11
1.33286e-14  3.7264e+08 1.11792e+09
          0           0           0
4.91265e-05   1.496e+11 1.49638e+11
1.33531e-14 3.73325e+08 1.11998e+09
          0           0           0
4.92167e-05   1.496e+11 1.49638e+11
1.33776e-14  3.7401e+08 1.12203e+09
          0           0           0
4.93068e-05   1.496e+11 1.49638e+11
1.34021e-14 3.74695e+08 1.12409e+09
          0           0           0
 4.9397e-05   1.496e+11 1.49638e+11
1.34266e-14  3.7538e+08 1.12614e+09
          0           0           0
4.94871e-05   1.496e+11 1.49638e+11
1.34511e-14 3.76065e+08  1.1282e+09
          0           0           0
4.95772e-05   1.496e+11 1.49638e+11
1.34756e-14  3.7675e+08 1.13025e+09
          0           0           0
4.96674e-05   1.496e+11 1.49638e+11
1.35001e-14 3.77435e+08 1.13231e+09
          0           0           0
4.97575e-05   1.496e+11 1.49638e+11
1.35246e-14  3.7812e+08 1.13436e+09
          0           0           0
4.98477e-05   1.496e+11 1.49638e+11
1.35491e-14 3.78805e+08 1.13642e+09
          0           0           0
4.99378e-05   1.496e+11 1.49638e+11
1.35736e-14  3.7949e+08 1.13847e+09
          0           0           0
5.00279e-05   1.496e+11 1.49638e+11
1.35982e-14 3.80175e+08 1.14053e+09
          0           0           0
5.01181e-05   1.496e+11 1.49638e+11
1.36227e-14  3.8086e+08 1.14258e+09
          0           0           0
5.02082e-05   1.496e+11 1.49638e+11
1.36472e-14 3.81545e+08 1.14464e+09
          0           0           0
5.02984e-05   1.496e+11 1.49638e+11
1.36717e-14  3.8223e+08 1.14669e+09
          0           0           0
5.03885e-05   1.496e+11 1.49638e+11
1.36962e-14 3.82915e+08 1.14875e+09
          0           0           0
5.04786e-05   1.496e+11 1.49638e+11
1.37207e-14   3.836e+08  1.1508e+09
          0           0           0
5.05688e-05   1.496e+11 1.49638e+11
1.37452e-14 3.84285e+08 1.15286e+09
          0           0           0
5.06589e-05   1.496e+11 1.49638e+11
1.37697e-14  3.8497e+08 1.15491e+09
          0           0           0
5.07491e-05   1.496e+11 1.49638e+11
1.37942e-14 3.85655e+08 1.15697e+09
          0           0           0
5.08392e-05   1.496e+11 1.49638e+11
1.38187e-14  3.8634e+08 1.15902e+09
          0           0           0
5.09293e-05   1.496e+11 1.49638e+11
1.38432e-14 3.87025e+08 1.16108e+09
          0           0           0
5.10195e-05   1.496e+11 1.49638e+11
1.38677e-14  3.8771e+08 1.16313e+09
          0           0           0
5.11096e-05   1.496e+11 1.49638e+11
1.38922e-14 3.88395e+08 1.16519e+09
          0           0           0
5.11998e-05   1.496e+11 1.49638e+11
1.39167e-14  3.8908e+08 1.16724e+09
          0           0           0
5.12899e-05   1.496e+11 1.49638e+11
1.39412e-14 3.89765e+08  1.1693e+09
          0           0           0
5.13801e-05   1.496e+11 1.49638e+11
1.39657e-14  3.9045e+08 1.17135e+09
          0           0           0
