          0   1.496e+11 1.49638e+11
          0           0           0
          0           0           0
 6.0099e-07   1.496e+11 1.49638e+11
 1.0891e-16    6.85e+06   2.055e+07
          0           0           0
1.20192e-06   1.496e+11 1.49638e+11
2.17804e-16    1.37e+07    4.11e+07
          0           0           0
1.80285e-06   1.496e+11 1.49638e+11
3.26698e-16   2.055e+07   6.165e+07
          0           0           0
2.40378e-06   1.496e+11 1.49638e+11
4.35592e-16    2.74e+07    8.22e+07
          0           0           0
3.00471e-06   1.496e+11 1.49638e+11
5.44486e-16   3.425e+07  1.0275e+08
          0           0           0
3.60564e-06   1.496e+11 1.49638e+11
 6.5338e-16    4.11e+07   1.233e+08
          0           0           0
4.20657e-06   1.496e+11 1.49638e+11
7.62274e-16   4.795e+07  1.4385e+08
          0           0           0
 4.8075e-06   1.496e+11 1.49638e+11
8.71168e-16    5.48e+07   1.644e+08
          0           0           0
5.40843e-06   1.496e+11 1.49638e+11
9.80062e-16   6.165e+07  1.8495e+08
          0           0           0
6.00936e-06   1.496e+11 1.49638e+11
1.08896e-15    6.85e+07   2.055e+08
          0           0           0
6.61029e-06   1.496e+11 1.49638e+11
1.19785e-15   7.535e+07  2.2605e+08
          0           0           0
7.21122e-06   1.496e+11 1.49638e+11
1.30674e-15    8.22e+07   2.466e+08
          0           0           0
7.81215e-06   1.496e+11 1.49638e+11
1.41564e-15   8.905e+07  2.6715e+08
          0           0           0
8.41308e-06   1.496e+11 1.49638e+11
1.52453e-15    9.59e+07   2.877e+08
          0           0           0
9.01401e-06   1.496e+11 1.49638e+11
1.63343e-15  1.0275e+08  3.0825e+08
          0           0           0
9.61494e-06   1.496e+11 1.49638e+11
1.74232e-15   1.096e+08   3.288e+08
          0           0           0
1.02159e-05   1.496e+11 1.49638e+11
1.85121e-15  1.1645e+08  3.4935e+08
          0           0           0
1.08168e-05   1.496e+11 1.49638e+11
1.96011e-15   1.233e+08   3.699e+08
          0           0           0
1.14177e-05   1.496e+11 1.49638e+11
  2.069e-15  1.3015e+08  3.9045e+08
          0           0           0
1.20187e-05   1.496e+11 1.49638e+11
 2.1779e-15    1.37e+08    4.11e+08
          0           0           0
1.26196e-05   1.496e+11 1.49638e+11
2.28679e-15  1.4385e+08  4.3155e+08
          0           0           0
1.32205e-05   1.496e+11 1.49638e+11
2.39568e-15   1.507e+08   4.521e+08
          0           0           0
1.38215e-05   1.496e+11 1.49638e+11
2.50458e-15  1.5755e+08  4.7265e+08
          0           0           0
1.44224e-05   1.496e+11 1.49638e+11
2.61347e-15   1.644e+08   4.932e+08
          0           0           0
1.50233e-05   1.496e+11 1.49638e+11
2.72237e-15  1.7125e+08  5.1375e+08
          0           0           0
1.56242e-05   1.496e+11 1.49638e+11
2.83126e-15   1.781e+08   5.343e+08
          0           0           0
1.62252e-05   1.496e+11 1.49638e+11
2.94015e-15  1.8495e+08  5.5485e+08
          0           0           0
1.68261e-05   1.496e+11 1.49638e+11
3.04905e-15   1.918e+08   5.754e+08
          0           0           0
 1.7427e-05   1.496e+11 1.49638e+11
3.15794e-15  1.9865e+08  5.9595e+08
          0           0           0
 1.8028e-05   1.496e+11 1.49638e+11
3.26684e-15   2.055e+08   6.165e+08
          0           0           0
1.86289e-05   1.496e+11 1.49638e+11
3.37573e-15  2.1235e+08  6.3705e+08
          0           0           0
1.92298e-05   1.496e+11 1.49638e+11
3.48462e-15   2.192e+08   6.576e+08
          0           0           0
1.98308e-05   1.496e+11 1.49638e+11
3.59352e-15  2.2605e+08  6.7815e+08
          0           0           0
2.04317e-05   1.496e+11 1.49638e+11
3.70241e-15   2.329e+08   6.987e+08
          0           0           0
2.10326e-05   1.496e+11 1.49638e+11
3.81131e-15  2.3975e+08  7.1925e+08
          0           0           0
2.16336e-05   1.496e+11 1.49638e+11
 3.9202e-15   2.466e+08   7.398e+08
          0           0           0
2.22345e-05   1.496e+11 1.49638e+11
4.02909e-15  2.5345e+08  7.6035e+08
          0           0           0
2.28354e-05   1.496e+11 1.49638e+11
4.13799e-15   2.603e+08   7.809e+08
          0           0           0
2.34363e-05   1.496e+11 1.49638e+11
4.24688e-15  2.6715e+08  8.0145e+08
          0           0           0
2.40373e-05   1.496e+11 1.49638e+11
4.35577e-15    2.74e+08    8.22e+08
          0           0           0
2.46382e-05   1.496e+11 1.49638e+11
4.46467e-15  2.8085e+08  8.4255e+08
          0           0           0
2.52391e-05   1.496e+11 1.49638e+11
4.57356e-15   2.877e+08   8.631e+08
          0           0           0
2.58401e-05   1.496e+11 1.49638e+11
4.68246e-15  2.9455e+08  8.8365e+08
          0           0           0
 2.6441e-05   1.496e+11 1.49638e+11
4.79135e-15   3.014e+08   9.042e+08
          0           0           0
2.70419e-05   1.496e+11 1.49638e+11
4.90024e-15  3.0825e+08  9.2475e+08
          0           0           0
2.76429e-05   1.496e+11 1.49638e+11
5.00914e-15   3.151e+08   9.453e+08
          0           0           0
2.82438e-05   1.496e+11 1.49638e+11
5.11803e-15  3.2195e+08  9.6585e+08
          0           0           0
2.88447e-05   1.496e+11 1.49638e+11
5.22693e-15   3.288e+08   9.864e+08
          0           0           0
2.94456e-05   1.496e+11 1.49638e+11
5.33582e-15  3.3565e+08 1.00695e+09
          0           0           0
3.00466e-05   1.496e+11 1.49638e+11
5.44471e-15   3.425e+08  1.0275e+09
          0           0           0
3.06475e-05   1.496e+11 1.49638e+11
5.55361e-15  3.4935e+08 1.04805e+09
          0           0           0
3.12484e-05   1.496e+11 1.49638e+11
 5.6625e-15   3.562e+08  1.0686e+09
          0           0           0
3.18494e-05   1.496e+11 1.49638e+11
 5.7714e-15  3.6305e+08 1.08915e+09
          0           0           0
3.24503e-05   1.496e+11 1.49638e+11
5.88029e-15   3.699e+08  1.1097e+09
          0           0           0
3.30512e-05   1.496e+11 1.49638e+11
5.98918e-15  3.7675e+08 1.13025e+09
          0           0           0
3.36522e-05   1.496e+11 1.49638e+11
6.09808e-15   3.836e+08  1.1508e+09
          0           0           0
3.42531e-05   1.496e+11 1.49638e+11
6.20697e-15  3.9045e+08 1.17135e+09
          0           0           0
 3.4854e-05   1.496e+11 1.49638e+11
6.31587e-15   3.973e+08  1.1919e+09
          0           0           0
3.54549e-05   1.496e+11 1.49638e+11
6.42476e-15  4.0415e+08 1.21245e+09
          0           0           0
3.60559e-05   1.496e+11 1.49638e+11
6.53365e-15    4.11e+08   1.233e+09
          0           0           0
3.66568e-05   1.496e+11 1.49638e+11
6.64255e-15  4.1785e+08 1.25355e+09
          0           0           0
3.72577e-05   1.496e+11 1.49638e+11
6.75144e-15   4.247e+08  1.2741e+09
          0           0           0
3.78587e-05   1.496e+11 1.49638e+11
6.86034e-15  4.3155e+08 1.29465e+09
          0           0           0
3.84596e-05   1.496e+11 1.49638e+11
6.96923e-15   4.384e+08  1.3152e+09
          0           0           0
3.90605e-05   1.496e+11 1.49638e+11
7.07812e-15  4.4525e+08 1.33575e+09
          0           0           0
3.96615e-05   1.496e+11 1.49638e+11
7.18702e-15   4.521e+08  1.3563e+09
          0           0           0
4.02624e-05   1.496e+11 1.49638e+11
7.29591e-15  4.5895e+08 1.37685e+09
          0           0           0
4.08633e-05   1.496e+11 1.49638e+11
7.40481e-15   4.658e+08  1.3974e+09
          0           0           0
4.14643e-05   1.496e+11 1.49638e+11
 7.5137e-15  4.7265e+08 1.41795e+09
          0           0           0
4.20652e-05   1.496e+11 1.49638e+11
7.62259e-15   4.795e+08  1.4385e+09
          0           0           0
4.26661e-05   1.496e+11 1.49638e+11
7.73149e-15  4.8635e+08 1.45905e+09
          0           0           0
 4.3267e-05   1.496e+11 1.49638e+11
7.84038e-15   4.932e+08  1.4796e+09
          0           0           0
 4.3868e-05   1.496e+11 1.49638e+11
7.94928e-15  5.0005e+08 1.50015e+09
          0           0           0
4.44689e-05   1.496e+11 1.49638e+11
8.05817e-15   5.069e+08  1.5207e+09
          0           0           0
4.50698e-05   1.496e+11 1.49638e+11
8.16706e-15  5.1375e+08 1.54125e+09
          0           0           0
4.56708e-05   1.496e+11 1.49638e+11
8.27596e-15   5.206e+08  1.5618e+09
          0           0           0
4.62717e-05   1.496e+11 1.49638e+11
8.38485e-15  5.2745e+08 1.58235e+09
          0           0           0
4.68726e-05   1.496e+11 1.49638e+11
8.49375e-15   5.343e+08  1.6029e+09
          0           0           0
4.74736e-05   1.496e+11 1.49638e+11
8.60264e-15  5.4115e+08 1.62345e+09
          0           0           0
4.80745e-05   1.496e+11 1.49638e+11
8.71153e-15    5.48e+08   1.644e+09
          0           0           0
4.86754e-05   1.496e+11 1.49638e+11
8.82043e-15  5.5485e+08 1.66455e+09
          0           0           0
4.92763e-05   1.496e+11 1.49638e+11
8.92932e-15   5.617e+08  1.6851e+09
          0           0           0
4.98773e-05   1.496e+11 1.49638e+11
9.03822e-15  5.6855e+08 1.70565e+09
          0           0           0
5.04782e-05   1.496e+11 1.49638e+11
9.14711e-15   5.754e+08  1.7262e+09
          0           0           0
5.10791e-05   1.496e+11 1.49638e+11
  9.256e-15  5.8225e+08 1.74675e+09
          0           0           0
5.16801e-05   1.496e+11 1.49638e+11
 9.3649e-15   5.891e+08  1.7673e+09
          0           0           0
 5.2281e-05   1.496e+11 1.49638e+11
9.47379e-15  5.9595e+08 1.78785e+09
          0           0           0
5.28819e-05   1.496e+11 1.49638e+11
9.58269e-15   6.028e+08  1.8084e+09
          0           0           0
5.34829e-05   1.496e+11 1.49638e+11
9.69158e-15  6.0965e+08 1.82895e+09
          0           0           0
5.40838e-05   1.496e+11 1.49638e+11
9.80047e-15   6.165e+08  1.8495e+09
          0           0           0
5.46847e-05   1.496e+11 1.49638e+11
9.90937e-15  6.2335e+08 1.87005e+09
          0           0           0
5.52856e-05   1.496e+11 1.49638e+11
1.00183e-14   6.302e+08  1.8906e+09
          0           0           0
5.58866e-05   1.496e+11 1.49638e+11
1.01272e-14  6.3705e+08 1.91115e+09
          0           0           0
5.64875e-05   1.496e+11 1.49638e+11
 1.0236e-14   6.439e+08  1.9317e+09
          0           0           0
5.70884e-05   1.496e+11 1.49638e+11
1.03449e-14  6.5075e+08 1.95225e+09
          0           0           0
5.76894e-05   1.496e+11 1.49638e+11
1.04538e-14   6.576e+08  1.9728e+09
          0           0           0
5.82903e-05   1.496e+11 1.49638e+11
1.05627e-14  6.6445e+08 1.99335e+09
          0           0           0
5.88912e-05   1.496e+11 1.49638e+11
1.06716e-14   6.713e+08  2.0139e+09
          0           0           0
5.94922e-05   1.496e+11 1.49638e+11
1.07805e-14  6.7815e+08 2.03445e+09
          0           0           0
6.00931e-05   1.496e+11 1.49638e+11
1.08894e-14    6.85e+08   2.055e+09
          0           0           0
 6.0694e-05   1.496e+11 1.49638e+11
1.09983e-14  6.9185e+08 2.07555e+09
          0           0           0
 6.1295e-05   1.496e+11 1.49638e+11
1.11072e-14   6.987e+08  2.0961e+09
          0           0           0
6.18959e-05   1.496e+11 1.49638e+11
1.12161e-14  7.0555e+08 2.11665e+09
          0           0           0
6.24968e-05   1.496e+11 1.49638e+11
 1.1325e-14   7.124e+08  2.1372e+09
          0           0           0
6.30977e-05   1.496e+11 1.49638e+11
1.14339e-14  7.1925e+08 2.15775e+09
          0           0           0
6.36987e-05   1.496e+11 1.49638e+11
1.15428e-14   7.261e+08  2.1783e+09
          0           0           0
6.42996e-05   1.496e+11 1.49638e+11
1.16517e-14  7.3295e+08 2.19885e+09
          0           0           0
6.49005e-05   1.496e+11 1.49638e+11
1.17606e-14   7.398e+08  2.2194e+09
          0           0           0
6.55015e-05   1.496e+11 1.49638e+11
1.18695e-14  7.4665e+08 2.23995e+09
          0           0           0
6.61024e-05   1.496e+11 1.49638e+11
1.19784e-14   7.535e+08  2.2605e+09
          0           0           0
6.67033e-05   1.496e+11 1.49638e+11
1.20872e-14  7.6035e+08 2.28105e+09
          0           0           0
6.73043e-05   1.496e+11 1.49638e+11
1.21961e-14   7.672e+08  2.3016e+09
          0           0           0
6.79052e-05   1.496e+11 1.49638e+11
 1.2305e-14  7.7405e+08 2.32215e+09
          0           0           0
6.85061e-05   1.496e+11 1.49638e+11
1.24139e-14   7.809e+08  2.3427e+09
          0           0           0
 6.9107e-05   1.496e+11 1.49638e+11
1.25228e-14  7.8775e+08 2.36325e+09
          0           0           0
 6.9708e-05   1.496e+11 1.49638e+11
1.26317e-14   7.946e+08  2.3838e+09
          0           0           0
7.03089e-05   1.496e+11 1.49638e+11
1.27406e-14  8.0145e+08 2.40435e+09
          0           0           0
7.09098e-05   1.496e+11 1.49638e+11
1.28495e-14   8.083e+08  2.4249e+09
          0           0           0
7.15108e-05   1.496e+11 1.49638e+11
1.29584e-14  8.1515e+08 2.44545e+09
          0           0           0
7.21117e-05   1.496e+11 1.49638e+11
1.30673e-14    8.22e+08   2.466e+09
          0           0           0
7.27126e-05   1.496e+11 1.49638e+11
1.31762e-14  8.2885e+08 2.48655e+09
          0           0           0
7.33136e-05   1.496e+11 1.49638e+11
1.32851e-14   8.357e+08  2.5071e+09
          0           0           0
7.39145e-05   1.496e+11 1.49638e+11
 1.3394e-14  8.4255e+08 2.52765e+09
          0           0           0
7.45154e-05   1.496e+11 1.49638e+11
1.35029e-14   8.494e+08  2.5482e+09
          0           0           0
7.51163e-05   1.496e+11 1.49638e+11
1.36118e-14  8.5625e+08 2.56875e+09
          0           0           0
7.57173e-05   1.496e+11 1.49638e+11
1.37207e-14   8.631e+08  2.5893e+09
          0           0           0
7.63182e-05   1.496e+11 1.49638e+11
1.38296e-14  8.6995e+08 2.60985e+09
          0           0           0
7.69191e-05   1.496e+11 1.49638e+11
1.39384e-14   8.768e+08  2.6304e+09
          0           0           0
7.75201e-05   1.496e+11 1.49638e+11
1.40473e-14  8.8365e+08 2.65095e+09
          0           0           0
 7.8121e-05   1.496e+11 1.49638e+11
1.41562e-14   8.905e+08  2.6715e+09
          0           0           0
7.87219e-05   1.496e+11 1.49638e+11
1.42651e-14  8.9735e+08 2.69205e+09
          0           0           0
7.93229e-05   1.496e+11 1.49638e+11
 1.4374e-14   9.042e+08  2.7126e+09
          0           0           0
7.99238e-05   1.496e+11 1.49638e+11
1.44829e-14  9.1105e+08 2.73315e+09
          0           0           0
8.05247e-05   1.496e+11 1.49638e+11
1.45918e-14   9.179e+08  2.7537e+09
          0           0           0
8.11257e-05   1.496e+11 1.49638e+11
1.47007e-14  9.2475e+08 2.77425e+09
          0           0           0
8.17266e-05   1.496e+11 1.49638e+11
1.48096e-14   9.316e+08  2.7948e+09
          0           0           0
8.23275e-05   1.496e+11 1.49638e+11
1.49185e-14  9.3845e+08 2.81535e+09
          0           0           0
8.29284e-05   1.496e+11 1.49638e+11
1.50274e-14   9.453e+08  2.8359e+09
          0           0           0
8.35294e-05   1.496e+11 1.49638e+11
1.51363e-14  9.5215e+08 2.85645e+09
          0           0           0
8.41303e-05   1.496e+11 1.49638e+11
1.52452e-14    9.59e+08   2.877e+09
          0           0           0
8.47312e-05   1.496e+11 1.49638e+11
1.53541e-14  9.6585e+08 2.89755e+09
          0           0           0
8.53322e-05   1.496e+11 1.49638e+11
 1.5463e-14   9.727e+08  2.9181e+09
          0           0           0
8.59331e-05   1.496e+11 1.49638e+11
1.55719e-14  9.7955e+08 2.93865e+09
          0           0           0
 8.6534e-05   1.496e+11 1.49638e+11
1.56807e-14   9.864e+08  2.9592e+09
          0           0           0
 8.7135e-05   1.496e+11 1.49638e+11
1.57896e-14  9.9325e+08 2.97975e+09
          0           0           0
8.77359e-05   1.496e+11 1.49638e+11
1.58985e-14  1.0001e+09  3.0003e+09
          0           0           0
8.83368e-05   1.496e+11 1.49638e+11
1.60074e-14 1.00695e+09 3.02085e+09
          0           0           0
8.89377e-05   1.496e+11 1.49638e+11
1.61163e-14  1.0138e+09  3.0414e+09
          0           0           0
8.95387e-05   1.496e+11 1.49638e+11
1.62252e-14 1.02065e+09 3.06195e+09
          0           0           0
9.01396e-05   1.496e+11 1.49638e+11
1.63341e-14  1.0275e+09  3.0825e+09
          0           0           0
9.07405e-05   1.496e+11 1.49638e+11
 1.6443e-14 1.03435e+09 3.10305e+09
          0           0           0
9.13415e-05   1.496e+11 1.49638e+11
1.65519e-14  1.0412e+09  3.1236e+09
          0           0           0
9.19424e-05   1.496e+11 1.49638e+11
1.66608e-14 1.04805e+09 3.14415e+09
          0           0           0
9.25433e-05   1.496e+11 1.49638e+11
1.67697e-14  1.0549e+09  3.1647e+09
          0           0           0
9.31443e-05   1.496e+11 1.49638e+11
1.68786e-14 1.06175e+09 3.18525e+09
          0           0           0
9.37452e-05   1.496e+11 1.49638e+11
1.69875e-14  1.0686e+09  3.2058e+09
          0           0           0
9.43461e-05   1.496e+11 1.49638e+11
1.70964e-14 1.07545e+09 3.22635e+09
          0           0           0
 9.4947e-05   1.496e+11 1.49638e+11
1.72053e-14  1.0823e+09  3.2469e+09
          0           0           0
 9.5548e-05   1.496e+11 1.49638e+11
1.73142e-14 1.08915e+09 3.26745e+09
          0           0           0
9.61489e-05   1.496e+11 1.49638e+11
1.74231e-14   1.096e+09   3.288e+09
          0           0           0
9.67498e-05   1.496e+11 1.49638e+11
1.75319e-14 1.10285e+09 3.30855e+09
          0           0           0
9.73508e-05   1.496e+11 1.49638e+11
1.76408e-14  1.1097e+09  3.3291e+09
          0           0           0
9.79517e-05   1.496e+11 1.49638e+11
1.77497e-14 1.11655e+09 3.34965e+09
          0           0           0
9.85526e-05   1.496e+11 1.49638e+11
1.78586e-14  1.1234e+09  3.3702e+09
          0           0           0
9.91536e-05   1.496e+11 1.49638e+11
1.79675e-14 1.13025e+09 3.39075e+09
          0           0           0
9.97545e-05   1.496e+11 1.49638e+11
1.80764e-14  1.1371e+09  3.4113e+09
          0           0           0
0.000100355   1.496e+11 1.49638e+11
1.81853e-14 1.14395e+09 3.43185e+09
          0           0           0
0.000100956   1.496e+11 1.49638e+11
1.82942e-14  1.1508e+09  3.4524e+09
          0           0           0
0.000101557   1.496e+11 1.49638e+11
1.84031e-14 1.15765e+09 3.47295e+09
          0           0           0
0.000102158   1.496e+11 1.49638e+11
 1.8512e-14  1.1645e+09  3.4935e+09
          0           0           0
0.000102759   1.496e+11 1.49638e+11
1.86209e-14 1.17135e+09 3.51405e+09
          0           0           0
 0.00010336   1.496e+11 1.49638e+11
1.87298e-14  1.1782e+09  3.5346e+09
          0           0           0
0.000103961   1.496e+11 1.49638e+11
1.88387e-14 1.18505e+09 3.55515e+09
          0           0           0
0.000104562   1.496e+11 1.49638e+11
1.89476e-14  1.1919e+09  3.5757e+09
          0           0           0
0.000105163   1.496e+11 1.49638e+11
1.90565e-14 1.19875e+09 3.59625e+09
          0           0           0
0.000105764   1.496e+11 1.49638e+11
1.91654e-14  1.2056e+09  3.6168e+09
          0           0           0
0.000106365   1.496e+11 1.49638e+11
1.92742e-14 1.21245e+09 3.63735e+09
          0           0           0
0.000106966   1.496e+11 1.49638e+11
1.93831e-14  1.2193e+09  3.6579e+09
          0           0           0
0.000107567   1.496e+11 1.49638e+11
 1.9492e-14 1.22615e+09 3.67845e+09
          0           0           0
0.000108168   1.496e+11 1.49638e+11
1.96009e-14   1.233e+09   3.699e+09
          0           0           0
0.000108768   1.496e+11 1.49638e+11
1.97098e-14 1.23985e+09 3.71955e+09
          0           0           0
0.000109369   1.496e+11 1.49638e+11
1.98187e-14  1.2467e+09  3.7401e+09
          0           0           0
 0.00010997   1.496e+11 1.49638e+11
1.99276e-14 1.25355e+09 3.76065e+09
          0           0           0
0.000110571   1.496e+11 1.49638e+11
2.00365e-14  1.2604e+09  3.7812e+09
          0           0           0
0.000111172   1.496e+11 1.49638e+11
2.01454e-14 1.26725e+09 3.80175e+09
          0           0           0
0.000111773   1.496e+11 1.49638e+11
2.02543e-14  1.2741e+09  3.8223e+09
          0           0           0
0.000112374   1.496e+11 1.49638e+11
2.03632e-14 1.28095e+09 3.84285e+09
          0           0           0
0.000112975   1.496e+11 1.49638e+11
2.04721e-14  1.2878e+09  3.8634e+09
          0           0           0
0.000113576   1.496e+11 1.49638e+11
 2.0581e-14 1.29465e+09 3.88395e+09
          0           0           0
0.000114177   1.496e+11 1.49638e+11
2.06899e-14  1.3015e+09  3.9045e+09
          0           0           0
0.000114778   1.496e+11 1.49638e+11
2.07988e-14 1.30835e+09 3.92505e+09
          0           0           0
0.000115379   1.496e+11 1.49638e+11
2.09077e-14  1.3152e+09  3.9456e+09
          0           0           0
 0.00011598   1.496e+11 1.49638e+11
2.10166e-14 1.32205e+09 3.96615e+09
          0           0           0
0.000116581   1.496e+11 1.49638e+11
2.11254e-14  1.3289e+09  3.9867e+09
          0           0           0
0.000117181   1.496e+11 1.49638e+11
2.12343e-14 1.33575e+09 4.00725e+09
          0           0           0
0.000117782   1.496e+11 1.49638e+11
2.13432e-14  1.3426e+09  4.0278e+09
          0           0           0
0.000118383   1.496e+11 1.49638e+11
2.14521e-14 1.34945e+09 4.04835e+09
          0           0           0
0.000118984   1.496e+11 1.49638e+11
 2.1561e-14  1.3563e+09  4.0689e+09
          0           0           0
0.000119585   1.496e+11 1.49638e+11
2.16699e-14 1.36315e+09 4.08945e+09
          0           0           0
0.000120186   1.496e+11 1.49638e+11
2.17788e-14    1.37e+09    4.11e+09
          0           0           0
0.000120787   1.496e+11 1.49638e+11
2.18877e-14 1.37685e+09 4.13055e+09
          0           0           0
0.000121388   1.496e+11 1.49638e+11
2.19966e-14  1.3837e+09  4.1511e+09
          0           0           0
0.000121989   1.496e+11 1.49638e+11
2.21055e-14 1.39055e+09 4.17165e+09
          0           0           0
 0.00012259   1.496e+11 1.49638e+11
2.22144e-14  1.3974e+09  4.1922e+09
          0           0           0
0.000123191   1.496e+11 1.49638e+11
2.23233e-14 1.40425e+09 4.21275e+09
          0           0           0
0.000123792   1.496e+11 1.49638e+11
2.24322e-14  1.4111e+09  4.2333e+09
          0           0           0
0.000124393   1.496e+11 1.49638e+11
2.25411e-14 1.41795e+09 4.25385e+09
          0           0           0
0.000124994   1.496e+11 1.49638e+11
  2.265e-14  1.4248e+09  4.2744e+09
          0           0           0
0.000125594   1.496e+11 1.49638e+11
2.27589e-14 1.43165e+09 4.29495e+09
          0           0           0
0.000126195   1.496e+11 1.49638e+11
2.28677e-14  1.4385e+09  4.3155e+09
          0           0           0
0.000126796   1.496e+11 1.49638e+11
2.29766e-14 1.44535e+09 4.33605e+09
          0           0           0
0.000127397   1.496e+11 1.49638e+11
2.30855e-14  1.4522e+09  4.3566e+09
          0           0           0
0.000127998   1.496e+11 1.49638e+11
2.31944e-14 1.45905e+09 4.37715e+09
          0           0           0
0.000128599   1.496e+11 1.49638e+11
2.33033e-14  1.4659e+09  4.3977e+09
          0           0           0
  0.0001292   1.496e+11 1.49638e+11
2.34122e-14 1.47275e+09 4.41825e+09
          0           0           0
0.000129801   1.496e+11 1.49638e+11
2.35211e-14  1.4796e+09  4.4388e+09
          0           0           0
0.000130402   1.496e+11 1.49638e+11
  2.363e-14 1.48645e+09 4.45935e+09
          0           0           0
0.000131003   1.496e+11 1.49638e+11
2.37389e-14  1.4933e+09  4.4799e+09
          0           0           0
0.000131604   1.496e+11 1.49638e+11
2.38478e-14 1.50015e+09 4.50045e+09
          0           0           0
0.000132205   1.496e+11 1.49638e+11
2.39567e-14   1.507e+09   4.521e+09
          0           0           0
0.000132806   1.496e+11 1.49638e+11
2.40656e-14 1.51385e+09 4.54155e+09
          0           0           0
0.000133407   1.496e+11 1.49638e+11
2.41745e-14  1.5207e+09  4.5621e+09
          0           0           0
0.000134008   1.496e+11 1.49638e+11
2.42834e-14 1.52755e+09 4.58265e+09
          0           0           0
0.000134608   1.496e+11 1.49638e+11
2.43923e-14  1.5344e+09  4.6032e+09
          0           0           0
0.000135209   1.496e+11 1.49638e+11
2.45012e-14 1.54125e+09 4.62375e+09
          0           0           0
 0.00013581   1.496e+11 1.49638e+11
2.46101e-14  1.5481e+09  4.6443e+09
          0           0           0
0.000136411   1.496e+11 1.49638e+11
2.47189e-14 1.55495e+09 4.66485e+09
          0           0           0
0.000137012   1.496e+11 1.49638e+11
2.48278e-14  1.5618e+09  4.6854e+09
          0           0           0
0.000137613   1.496e+11 1.49638e+11
2.49367e-14 1.56865e+09 4.70595e+09
          0           0           0
0.000138214   1.496e+11 1.49638e+11
2.50456e-14  1.5755e+09  4.7265e+09
          0           0           0
0.000138815   1.496e+11 1.49638e+11
2.51545e-14 1.58235e+09 4.74705e+09
          0           0           0
0.000139416   1.496e+11 1.49638e+11
2.52634e-14  1.5892e+09  4.7676e+09
          0           0           0
0.000140017   1.496e+11 1.49638e+11
2.53723e-14 1.59605e+09 4.78815e+09
          0           0           0
0.000140618   1.496e+11 1.49638e+11
2.54812e-14  1.6029e+09  4.8087e+09
          0           0           0
0.000141219   1.496e+11 1.49638e+11
2.55901e-14 1.60975e+09 4.82925e+09
          0           0           0
 0.00014182   1.496e+11 1.49638e+11
 2.5699e-14  1.6166e+09  4.8498e+09
          0           0           0
0.000142421   1.496e+11 1.49638e+11
2.58079e-14 1.62345e+09 4.87035e+09
          0           0           0
0.000143021   1.496e+11 1.49638e+11
2.59168e-14  1.6303e+09  4.8909e+09
          0           0           0
0.000143622   1.496e+11 1.49638e+11
2.60257e-14 1.63715e+09 4.91145e+09
          0           0           0
0.000144223   1.496e+11 1.49638e+11
2.61346e-14   1.644e+09   4.932e+09
          0           0           0
0.000144824   1.496e+11 1.49638e+11
2.62435e-14 1.65085e+09 4.95255e+09
          0           0           0
0.000145425   1.496e+11 1.49638e+11
2.63524e-14  1.6577e+09  4.9731e+09
          0           0           0
0.000146026   1.496e+11 1.49638e+11
2.64613e-14 1.66455e+09 4.99365e+09
          0           0           0
0.000146627   1.496e+11 1.49638e+11
2.65701e-14  1.6714e+09  5.0142e+09
          0           0           0
0.000147228   1.496e+11 1.49638e+11
 2.6679e-14 1.67825e+09 5.03475e+09
          0           0           0
0.000147829   1.496e+11 1.49638e+11
2.67879e-14  1.6851e+09  5.0553e+09
          0           0           0
 0.00014843   1.496e+11 1.49638e+11
2.68968e-14 1.69195e+09 5.07585e+09
          0           0           0
0.000149031   1.496e+11 1.49638e+11
2.70057e-14  1.6988e+09  5.0964e+09
          0           0           0
0.000149632   1.496e+11 1.49638e+11
2.71146e-14 1.70565e+09 5.11695e+09
          0           0           0
0.000150233   1.496e+11 1.49638e+11
2.72235e-14  1.7125e+09  5.1375e+09
          0           0           0
0.000150834   1.496e+11 1.49638e+11
2.73324e-14 1.71935e+09 5.15805e+09
          0           0           0
0.000151434   1.496e+11 1.49638e+11
2.74413e-14  1.7262e+09  5.1786e+09
          0           0           0
0.000152035   1.496e+11 1.49638e+11
2.75502e-14 1.73305e+09 5.19915e+09
          0           0           0
0.000152636   1.496e+11 1.49638e+11
2.76591e-14  1.7399e+09  5.2197e+09
          0           0           0
0.000153237   1.496e+11 1.49638e+11
 2.7768e-14 1.74675e+09 5.24025e+09
          0           0           0
0.000153838   1.496e+11 1.49638e+11
2.78769e-14  1.7536e+09  5.2608e+09
          0           0           0
0.000154439   1.496e+11 1.49638e+11
2.79858e-14 1.76045e+09 5.28135e+09
          0           0           0
 0.00015504   1.496e+11 1.49638e+11
2.80947e-14  1.7673e+09  5.3019e+09
          0           0           0
0.000155641   1.496e+11 1.49638e+11
2.82036e-14 1.77415e+09 5.32245e+09
          0           0           0
0.000156242   1.496e+11 1.49638e+11
2.83124e-14   1.781e+09   5.343e+09
          0           0           0
0.000156843   1.496e+11 1.49638e+11
2.84213e-14 1.78785e+09 5.36355e+09
          0           0           0
0.000157444   1.496e+11 1.49638e+11
2.85302e-14  1.7947e+09  5.3841e+09
          0           0           0
0.000158045   1.496e+11 1.49638e+11
2.86391e-14 1.80155e+09 5.40465e+09
          0           0           0
0.000158646   1.496e+11 1.49638e+11
 2.8748e-14  1.8084e+09  5.4252e+09
          0           0           0
0.000159247   1.496e+11 1.49638e+11
2.88569e-14 1.81525e+09 5.44575e+09
          0           0           0
0.000159848   1.496e+11 1.49638e+11
2.89658e-14  1.8221e+09  5.4663e+09
          0           0           0
0.000160448   1.496e+11 1.49638e+11
2.90747e-14 1.82895e+09 5.48685e+09
          0           0           0
0.000161049   1.496e+11 1.49638e+11
2.91836e-14  1.8358e+09  5.5074e+09
          0           0           0
 0.00016165   1.496e+11 1.49638e+11
2.92925e-14 1.84265e+09 5.52795e+09
          0           0           0
0.000162251   1.496e+11 1.49638e+11
2.94014e-14  1.8495e+09  5.5485e+09
          0           0           0
0.000162852   1.496e+11 1.49638e+11
2.95103e-14 1.85635e+09 5.56905e+09
          0           0           0
0.000163453   1.496e+11 1.49638e+11
2.96192e-14  1.8632e+09  5.5896e+09
          0           0           0
0.000164054   1.496e+11 1.49638e+11
2.97281e-14 1.87005e+09 5.61015e+09
          0           0           0
0.000164655   1.496e+11 1.49638e+11
 2.9837e-14  1.8769e+09  5.6307e+09
          0           0           0
0.000165256   1.496e+11 1.49638e+11
2.99459e-14 1.88375e+09 5.65125e+09
          0           0           0
0.000165857   1.496e+11 1.49638e+11
3.00548e-14  1.8906e+09  5.6718e+09
          0           0           0
0.000166458   1.496e+11 1.49638e+11
3.01636e-14 1.89745e+09 5.69235e+09
          0           0           0
0.000167059   1.496e+11 1.49638e+11
3.02725e-14  1.9043e+09  5.7129e+09
          0           0           0
 0.00016766   1.496e+11 1.49638e+11
3.03814e-14 1.91115e+09 5.73345e+09
          0           0           0
0.000168261   1.496e+11 1.49638e+11
3.04903e-14   1.918e+09   5.754e+09
          0           0           0
0.000168861   1.496e+11 1.49638e+11
3.05992e-14 1.92485e+09 5.77455e+09
          0           0           0
0.000169462   1.496e+11 1.49638e+11
3.07081e-14  1.9317e+09  5.7951e+09
          0           0           0
0.000170063   1.496e+11 1.49638e+11
 3.0817e-14 1.93855e+09 5.81565e+09
          0           0           0
0.000170664   1.496e+11 1.49638e+11
3.09259e-14  1.9454e+09  5.8362e+09
          0           0           0
0.000171265   1.496e+11 1.49638e+11
3.10348e-14 1.95225e+09 5.85675e+09
          0           0           0
0.000171866   1.496e+11 1.49638e+11
3.11437e-14  1.9591e+09  5.8773e+09
          0           0           0
0.000172467   1.496e+11 1.49638e+11
3.12526e-14 1.96595e+09 5.89785e+09
          0           0           0
0.000173068   1.496e+11 1.49638e+11
3.13615e-14  1.9728e+09  5.9184e+09
          0           0           0
0.000173669   1.496e+11 1.49638e+11
3.14704e-14 1.97965e+09 5.93895e+09
          0           0           0
 0.00017427   1.496e+11 1.49638e+11
3.15793e-14  1.9865e+09  5.9595e+09
          0           0           0
0.000174871   1.496e+11 1.49638e+11
3.16882e-14 1.99335e+09 5.98005e+09
          0           0           0
0.000175472   1.496e+11 1.49638e+11
3.17971e-14  2.0002e+09  6.0006e+09
          0           0           0
0.000176073   1.496e+11 1.49638e+11
3.19059e-14 2.00705e+09 6.02115e+09
          0           0           0
0.000176674   1.496e+11 1.49638e+11
3.20148e-14  2.0139e+09  6.0417e+09
          0           0           0
0.000177275   1.496e+11 1.49638e+11
3.21237e-14 2.02075e+09 6.06225e+09
          0           0           0
0.000177875   1.496e+11 1.49638e+11
3.22326e-14  2.0276e+09  6.0828e+09
          0           0           0
0.000178476   1.496e+11 1.49638e+11
3.23415e-14 2.03445e+09 6.10335e+09
          0           0           0
0.000179077   1.496e+11 1.49638e+11
3.24504e-14  2.0413e+09  6.1239e+09
          0           0           0
0.000179678   1.496e+11 1.49638e+11
3.25593e-14 2.04815e+09 6.14445e+09
          0           0           0
0.000180279   1.496e+11 1.49638e+11
3.26682e-14   2.055e+09   6.165e+09
          0           0           0
 0.00018088   1.496e+11 1.49638e+11
3.27771e-14 2.06185e+09 6.18555e+09
          0           0           0
0.000181481   1.496e+11 1.49638e+11
 3.2886e-14  2.0687e+09  6.2061e+09
          0           0           0
0.000182082   1.496e+11 1.49638e+11
3.29949e-14 2.07555e+09 6.22665e+09
          0           0           0
0.000182683   1.496e+11 1.49638e+11
3.31038e-14  2.0824e+09  6.2472e+09
          0           0           0
0.000183284   1.496e+11 1.49638e+11
3.32127e-14 2.08925e+09 6.26775e+09
          0           0           0
0.000183885   1.496e+11 1.49638e+11
3.33216e-14  2.0961e+09  6.2883e+09
          0           0           0
0.000184486   1.496e+11 1.49638e+11
3.34305e-14 2.10295e+09 6.30885e+09
          0           0           0
0.000185087   1.496e+11 1.49638e+11
3.35394e-14  2.1098e+09  6.3294e+09
          0           0           0
0.000185688   1.496e+11 1.49638e+11
3.36483e-14 2.11665e+09 6.34995e+09
          0           0           0
0.000186288   1.496e+11 1.49638e+11
3.37571e-14  2.1235e+09  6.3705e+09
          0           0           0
0.000186889   1.496e+11 1.49638e+11
 3.3866e-14 2.13035e+09 6.39105e+09
          0           0           0
 0.00018749   1.496e+11 1.49638e+11
3.39749e-14  2.1372e+09  6.4116e+09
          0           0           0
0.000188091   1.496e+11 1.49638e+11
3.40838e-14 2.14405e+09 6.43215e+09
          0           0           0
0.000188692   1.496e+11 1.49638e+11
3.41927e-14  2.1509e+09  6.4527e+09
          0           0           0
0.000189293   1.496e+11 1.49638e+11
3.43016e-14 2.15775e+09 6.47325e+09
          0           0           0
0.000189894   1.496e+11 1.49638e+11
3.44105e-14  2.1646e+09  6.4938e+09
          0           0           0
0.000190495   1.496e+11 1.49638e+11
3.45194e-14 2.17145e+09 6.51435e+09
          0           0           0
0.000191096   1.496e+11 1.49638e+11
3.46283e-14  2.1783e+09  6.5349e+09
          0           0           0
0.000191697   1.496e+11 1.49638e+11
3.47372e-14 2.18515e+09 6.55545e+09
          0           0           0
0.000192298   1.496e+11 1.49638e+11
3.48461e-14   2.192e+09   6.576e+09
          0           0           0
0.000192899   1.496e+11 1.49638e+11
 3.4955e-14 2.19885e+09 6.59655e+09
          0           0           0
  0.0001935   1.496e+11 1.49638e+11
3.50639e-14  2.2057e+09  6.6171e+09
          0           0           0
0.000194101   1.496e+11 1.49638e+11
3.51728e-14 2.21255e+09 6.63765e+09
          0           0           0
0.000194701   1.496e+11 1.49638e+11
3.52817e-14  2.2194e+09  6.6582e+09
          0           0           0
0.000195302   1.496e+11 1.49638e+11
3.53906e-14 2.22625e+09 6.67875e+09
          0           0           0
0.000195903   1.496e+11 1.49638e+11
3.54994e-14  2.2331e+09  6.6993e+09
          0           0           0
0.000196504   1.496e+11 1.49638e+11
3.56083e-14 2.23995e+09 6.71985e+09
          0           0           0
0.000197105   1.496e+11 1.49638e+11
3.57172e-14  2.2468e+09  6.7404e+09
          0           0           0
0.000197706   1.496e+11 1.49638e+11
3.58261e-14 2.25365e+09 6.76095e+09
          0           0           0
0.000198307   1.496e+11 1.49638e+11
 3.5935e-14  2.2605e+09  6.7815e+09
          0           0           0
0.000198908   1.496e+11 1.49638e+11
3.60439e-14 2.26735e+09 6.80205e+09
          0           0           0
0.000199509   1.496e+11 1.49638e+11
3.61528e-14  2.2742e+09  6.8226e+09
          0           0           0
 0.00020011   1.496e+11 1.49638e+11
3.62617e-14 2.28105e+09 6.84315e+09
          0           0           0
0.000200711   1.496e+11 1.49638e+11
3.63706e-14  2.2879e+09  6.8637e+09
          0           0           0
0.000201312   1.496e+11 1.49638e+11
3.64795e-14 2.29475e+09 6.88425e+09
          0           0           0
0.000201913   1.496e+11 1.49638e+11
3.65884e-14  2.3016e+09  6.9048e+09
          0           0           0
0.000202514   1.496e+11 1.49638e+11
3.66973e-14 2.30845e+09 6.92535e+09
          0           0           0
0.000203115   1.496e+11 1.49638e+11
3.68062e-14  2.3153e+09  6.9459e+09
          0           0           0
0.000203715   1.496e+11 1.49638e+11
3.69151e-14 2.32215e+09 6.96645e+09
          0           0           0
0.000204316   1.496e+11 1.49638e+11
 3.7024e-14   2.329e+09   6.987e+09
          0           0           0
0.000204917   1.496e+11 1.49638e+11
3.71329e-14 2.33585e+09 7.00755e+09
          0           0           0
0.000205518   1.496e+11 1.49638e+11
3.72418e-14  2.3427e+09  7.0281e+09
          0           0           0
0.000206119   1.496e+11 1.49638e+11
3.73506e-14 2.34955e+09 7.04865e+09
          0           0           0
 0.00020672   1.496e+11 1.49638e+11
3.74595e-14  2.3564e+09  7.0692e+09
          0           0           0
0.000207321   1.496e+11 1.49638e+11
3.75684e-14 2.36325e+09 7.08975e+09
          0           0           0
0.000207922   1.496e+11 1.49638e+11
3.76773e-14  2.3701e+09  7.1103e+09
          0           0           0
0.000208523   1.496e+11 1.49638e+11
3.77862e-14 2.37695e+09 7.13085e+09
          0           0           0
0.000209124   1.496e+11 1.49638e+11
3.78951e-14  2.3838e+09  7.1514e+09
          0           0           0
0.000209725   1.496e+11 1.49638e+11
 3.8004e-14 2.39065e+09 7.17195e+09
          0           0           0
0.000210326   1.496e+11 1.49638e+11
3.81129e-14  2.3975e+09  7.1925e+09
          0           0           0
0.000210927   1.496e+11 1.49638e+11
3.82218e-14 2.40435e+09 7.21305e+09
          0           0           0
0.000211528   1.496e+11 1.49638e+11
3.83307e-14  2.4112e+09  7.2336e+09
          0           0           0
0.000212128   1.496e+11 1.49638e+11
3.84396e-14 2.41805e+09 7.25415e+09
          0           0           0
0.000212729   1.496e+11 1.49638e+11
3.85485e-14  2.4249e+09  7.2747e+09
          0           0           0
 0.00021333   1.496e+11 1.49638e+11
3.86574e-14 2.43175e+09 7.29525e+09
          0           0           0
0.000213931   1.496e+11 1.49638e+11
3.87663e-14  2.4386e+09  7.3158e+09
          0           0           0
0.000214532   1.496e+11 1.49638e+11
3.88752e-14 2.44545e+09 7.33635e+09
          0           0           0
0.000215133   1.496e+11 1.49638e+11
3.89841e-14  2.4523e+09  7.3569e+09
          0           0           0
0.000215734   1.496e+11 1.49638e+11
 3.9093e-14 2.45915e+09 7.37745e+09
          0           0           0
0.000216335   1.496e+11 1.49638e+11
3.92018e-14   2.466e+09   7.398e+09
          0           0           0
0.000216936   1.496e+11 1.49638e+11
3.93107e-14 2.47285e+09 7.41855e+09
          0           0           0
0.000217537   1.496e+11 1.49638e+11
3.94196e-14  2.4797e+09  7.4391e+09
          0           0           0
0.000218138   1.496e+11 1.49638e+11
3.95285e-14 2.48655e+09 7.45965e+09
          0           0           0
0.000218739   1.496e+11 1.49638e+11
3.96374e-14  2.4934e+09  7.4802e+09
          0           0           0
 0.00021934   1.496e+11 1.49638e+11
3.97463e-14 2.50025e+09 7.50075e+09
          0           0           0
0.000219941   1.496e+11 1.49638e+11
3.98552e-14  2.5071e+09  7.5213e+09
          0           0           0
0.000220541   1.496e+11 1.49638e+11
3.99641e-14 2.51395e+09 7.54185e+09
          0           0           0
0.000221142   1.496e+11 1.49638e+11
 4.0073e-14  2.5208e+09  7.5624e+09
          0           0           0
0.000221743   1.496e+11 1.49638e+11
4.01819e-14 2.52765e+09 7.58295e+09
          0           0           0
0.000222344   1.496e+11 1.49638e+11
4.02908e-14  2.5345e+09  7.6035e+09
          0           0           0
0.000222945   1.496e+11 1.49638e+11
4.03997e-14 2.54135e+09 7.62405e+09
          0           0           0
0.000223546   1.496e+11 1.49638e+11
4.05086e-14  2.5482e+09  7.6446e+09
          0           0           0
0.000224147   1.496e+11 1.49638e+11
4.06175e-14 2.55505e+09 7.66515e+09
          0           0           0
0.000224748   1.496e+11 1.49638e+11
4.07264e-14  2.5619e+09  7.6857e+09
          0           0           0
0.000225349   1.496e+11 1.49638e+11
4.08353e-14 2.56875e+09 7.70625e+09
          0           0           0
 0.00022595   1.496e+11 1.49638e+11
4.09441e-14  2.5756e+09  7.7268e+09
          0           0           0
0.000226551   1.496e+11 1.49638e+11
 4.1053e-14 2.58245e+09 7.74735e+09
          0           0           0
0.000227152   1.496e+11 1.49638e+11
4.11619e-14  2.5893e+09  7.7679e+09
          0           0           0
0.000227753   1.496e+11 1.49638e+11
4.12708e-14 2.59615e+09 7.78845e+09
          0           0           0
0.000228354   1.496e+11 1.49638e+11
4.13797e-14   2.603e+09   7.809e+09
          0           0           0
0.000228955   1.496e+11 1.49638e+11
4.14886e-14 2.60985e+09 7.82955e+09
          0           0           0
0.000229555   1.496e+11 1.49638e+11
4.15975e-14  2.6167e+09  7.8501e+09
          0           0           0
0.000230156   1.496e+11 1.49638e+11
4.17064e-14 2.62355e+09 7.87065e+09
          0           0           0
0.000230757   1.496e+11 1.49638e+11
4.18153e-14  2.6304e+09  7.8912e+09
          0           0           0
0.000231358   1.496e+11 1.49638e+11
4.19242e-14 2.63725e+09 7.91175e+09
          0           0           0
0.000231959   1.496e+11 1.49638e+11
4.20331e-14  2.6441e+09  7.9323e+09
          0           0           0
 0.00023256   1.496e+11 1.49638e+11
 4.2142e-14 2.65095e+09 7.95285e+09
          0           0           0
0.000233161   1.496e+11 1.49638e+11
4.22509e-14  2.6578e+09  7.9734e+09
          0           0           0
0.000233762   1.496e+11 1.49638e+11
4.23598e-14 2.66465e+09 7.99395e+09
          0           0           0
0.000234363   1.496e+11 1.49638e+11
4.24687e-14  2.6715e+09  8.0145e+09
          0           0           0
0.000234964   1.496e+11 1.49638e+11
4.25776e-14 2.67835e+09 8.03505e+09
          0           0           0
0.000235565   1.496e+11 1.49638e+11
4.26865e-14  2.6852e+09  8.0556e+09
          0           0           0
0.000236166   1.496e+11 1.49638e+11
4.27953e-14 2.69205e+09 8.07615e+09
          0           0           0
0.000236767   1.496e+11 1.49638e+11
4.29042e-14  2.6989e+09  8.0967e+09
          0           0           0
0.000237368   1.496e+11 1.49638e+11
4.30131e-14 2.70575e+09 8.11725e+09
          0           0           0
0.000237968   1.496e+11 1.49638e+11
 4.3122e-14  2.7126e+09  8.1378e+09
          0           0           0
0.000238569   1.496e+11 1.49638e+11
4.32309e-14 2.71945e+09 8.15835e+09
          0           0           0
 0.00023917   1.496e+11 1.49638e+11
4.33398e-14  2.7263e+09  8.1789e+09
          0           0           0
0.000239771   1.496e+11 1.49638e+11
4.34487e-14 2.73315e+09 8.19945e+09
          0           0           0
0.000240372   1.496e+11 1.49638e+11
4.35576e-14    2.74e+09    8.22e+09
          0           0           0
0.000240973   1.496e+11 1.49638e+11
4.36665e-14 2.74685e+09 8.24055e+09
          0           0           0
0.000241574   1.496e+11 1.49638e+11
4.37754e-14  2.7537e+09  8.2611e+09
          0           0           0
0.000242175   1.496e+11 1.49638e+11
4.38843e-14 2.76055e+09 8.28165e+09
          0           0           0
0.000242776   1.496e+11 1.49638e+11
4.39932e-14  2.7674e+09  8.3022e+09
          0           0           0
0.000243377   1.496e+11 1.49638e+11
4.41021e-14 2.77425e+09 8.32275e+09
          0           0           0
0.000243978   1.496e+11 1.49638e+11
 4.4211e-14  2.7811e+09  8.3433e+09
          0           0           0
0.000244579   1.496e+11 1.49638e+11
4.43199e-14 2.78795e+09 8.36385e+09
          0           0           0
 0.00024518   1.496e+11 1.49638e+11
4.44288e-14  2.7948e+09  8.3844e+09
          0           0           0
0.000245781   1.496e+11 1.49638e+11
4.45376e-14 2.80165e+09 8.40495e+09
          0           0           0
0.000246381   1.496e+11 1.49638e+11
4.46465e-14  2.8085e+09  8.4255e+09
          0           0           0
0.000246982   1.496e+11 1.49638e+11
4.47554e-14 2.81535e+09 8.44605e+09
          0           0           0
0.000247583   1.496e+11 1.49638e+11
4.48643e-14  2.8222e+09  8.4666e+09
          0           0           0
0.000248184   1.496e+11 1.49638e+11
4.49732e-14 2.82905e+09 8.48715e+09
          0           0           0
0.000248785   1.496e+11 1.49638e+11
4.50821e-14  2.8359e+09  8.5077e+09
          0           0           0
0.000249386   1.496e+11 1.49638e+11
 4.5191e-14 2.84275e+09 8.52825e+09
          0           0           0
0.000249987   1.496e+11 1.49638e+11
4.52999e-14  2.8496e+09  8.5488e+09
          0           0           0
0.000250588   1.496e+11 1.49638e+11
4.54088e-14 2.85645e+09 8.56935e+09
          0           0           0
0.000251189   1.496e+11 1.49638e+11
4.55177e-14  2.8633e+09  8.5899e+09
          0           0           0
 0.00025179   1.496e+11 1.49638e+11
4.56266e-14 2.87015e+09 8.61045e+09
          0           0           0
0.000252391   1.496e+11 1.49638e+11
4.57355e-14   2.877e+09   8.631e+09
          0           0           0
0.000252992   1.496e+11 1.49638e+11
4.58444e-14 2.88385e+09 8.65155e+09
          0           0           0
0.000253593   1.496e+11 1.49638e+11
4.59533e-14  2.8907e+09  8.6721e+09
          0           0           0
0.000254194   1.496e+11 1.49638e+11
4.60622e-14 2.89755e+09 8.69265e+09
          0           0           0
0.000254795   1.496e+11 1.49638e+11
4.61711e-14  2.9044e+09  8.7132e+09
          0           0           0
0.000255395   1.496e+11 1.49638e+11
  4.628e-14 2.91125e+09 8.73375e+09
          0           0           0
0.000255996   1.496e+11 1.49638e+11
4.63888e-14  2.9181e+09  8.7543e+09
          0           0           0
0.000256597   1.496e+11 1.49638e+11
4.64977e-14 2.92495e+09 8.77485e+09
          0           0           0
0.000257198   1.496e+11 1.49638e+11
4.66066e-14  2.9318e+09  8.7954e+09
          0           0           0
0.000257799   1.496e+11 1.49638e+11
4.67155e-14 2.93865e+09 8.81595e+09
          0           0           0
  0.0002584   1.496e+11 1.49638e+11
4.68244e-14  2.9455e+09  8.8365e+09
          0           0           0
0.000259001   1.496e+11 1.49638e+11
4.69333e-14 2.95235e+09 8.85705e+09
          0           0           0
0.000259602   1.496e+11 1.49638e+11
4.70422e-14  2.9592e+09  8.8776e+09
          0           0           0
0.000260203   1.496e+11 1.49638e+11
4.71511e-14 2.96605e+09 8.89815e+09
          0           0           0
0.000260804   1.496e+11 1.49638e+11
  4.726e-14  2.9729e+09  8.9187e+09
          0           0           0
0.000261405   1.496e+11 1.49638e+11
4.73689e-14 2.97975e+09 8.93925e+09
          0           0           0
0.000262006   1.496e+11 1.49638e+11
4.74778e-14  2.9866e+09  8.9598e+09
          0           0           0
0.000262607   1.496e+11 1.49638e+11
4.75867e-14 2.99345e+09 8.98035e+09
          0           0           0
0.000263208   1.496e+11 1.49638e+11
4.76956e-14  3.0003e+09  9.0009e+09
          0           0           0
0.000263808   1.496e+11 1.49638e+11
4.78045e-14 3.00715e+09 9.02145e+09
          0           0           0
0.000264409   1.496e+11 1.49638e+11
4.79134e-14   3.014e+09   9.042e+09
          0           0           0
 0.00026501   1.496e+11 1.49638e+11
4.80223e-14 3.02085e+09 9.06255e+09
          0           0           0
0.000265611   1.496e+11 1.49638e+11
4.81312e-14  3.0277e+09  9.0831e+09
          0           0           0
0.000266212   1.496e+11 1.49638e+11
  4.824e-14 3.03455e+09 9.10365e+09
          0           0           0
0.000266813   1.496e+11 1.49638e+11
4.83489e-14  3.0414e+09  9.1242e+09
          0           0           0
0.000267414   1.496e+11 1.49638e+11
4.84578e-14 3.04825e+09 9.14475e+09
          0           0           0
0.000268015   1.496e+11 1.49638e+11
4.85667e-14  3.0551e+09  9.1653e+09
          0           0           0
0.000268616   1.496e+11 1.49638e+11
4.86756e-14 3.06195e+09 9.18585e+09
          0           0           0
0.000269217   1.496e+11 1.49638e+11
4.87845e-14  3.0688e+09  9.2064e+09
          0           0           0
0.000269818   1.496e+11 1.49638e+11
4.88934e-14 3.07565e+09 9.22695e+09
          0           0           0
0.000270419   1.496e+11 1.49638e+11
4.90023e-14  3.0825e+09  9.2475e+09
          0           0           0
 0.00027102   1.496e+11 1.49638e+11
4.91112e-14 3.08935e+09 9.26805e+09
          0           0           0
0.000271621   1.496e+11 1.49638e+11
4.92201e-14  3.0962e+09  9.2886e+09
          0           0           0
0.000272221   1.496e+11 1.49638e+11
 4.9329e-14 3.10305e+09 9.30915e+09
          0           0           0
0.000272822   1.496e+11 1.49638e+11
4.94379e-14  3.1099e+09  9.3297e+09
          0           0           0
0.000273423   1.496e+11 1.49638e+11
4.95468e-14 3.11675e+09 9.35025e+09
          0           0           0
0.000274024   1.496e+11 1.49638e+11
4.96557e-14  3.1236e+09  9.3708e+09
          0           0           0
0.000274625   1.496e+11 1.49638e+11
4.97646e-14 3.13045e+09 9.39135e+09
          0           0           0
0.000275226   1.496e+11 1.49638e+11
4.98735e-14  3.1373e+09  9.4119e+09
          0           0           0
0.000275827   1.496e+11 1.49638e+11
4.99823e-14 3.14415e+09 9.43245e+09
          0           0           0
0.000276428   1.496e+11 1.49638e+11
5.00912e-14   3.151e+09   9.453e+09
          0           0           0
0.000277029   1.496e+11 1.49638e+11
5.02001e-14 3.15785e+09 9.47355e+09
          0           0           0
 0.00027763   1.496e+11 1.49638e+11
 5.0309e-14  3.1647e+09  9.4941e+09
          0           0           0
0.000278231   1.496e+11 1.49638e+11
5.04179e-14 3.17155e+09 9.51465e+09
          0           0           0
0.000278832   1.496e+11 1.49638e+11
5.05268e-14  3.1784e+09  9.5352e+09
          0           0           0
0.000279433   1.496e+11 1.49638e+11
5.06357e-14 3.18525e+09 9.55575e+09
          0           0           0
0.000280034   1.496e+11 1.49638e+11
5.07446e-14  3.1921e+09  9.5763e+09
          0           0           0
0.000280635   1.496e+11 1.49638e+11
5.08535e-14 3.19895e+09 9.59685e+09
          0           0           0
0.000281235   1.496e+11 1.49638e+11
5.09624e-14  3.2058e+09  9.6174e+09
          0           0           0
0.000281836   1.496e+11 1.49638e+11
5.10713e-14 3.21265e+09 9.63795e+09
          0           0           0
0.000282437   1.496e+11 1.49638e+11
5.11802e-14  3.2195e+09  9.6585e+09
          0           0           0
0.000283038   1.496e+11 1.49638e+11
5.12891e-14 3.22635e+09 9.67905e+09
          0           0           0
0.000283639   1.496e+11 1.49638e+11
 5.1398e-14  3.2332e+09  9.6996e+09
          0           0           0
 0.00028424   1.496e+11 1.49638e+11
5.15069e-14 3.24005e+09 9.72015e+09
          0           0           0
0.000284841   1.496e+11 1.49638e+11
5.16158e-14  3.2469e+09  9.7407e+09
          0           0           0
0.000285442   1.496e+11 1.49638e+11
5.17247e-14 3.25375e+09 9.76125e+09
          0           0           0
0.000286043   1.496e+11 1.49638e+11
5.18335e-14  3.2606e+09  9.7818e+09
          0           0           0
0.000286644   1.496e+11 1.49638e+11
5.19424e-14 3.26745e+09 9.80235e+09
          0           0           0
0.000287245   1.496e+11 1.49638e+11
5.20513e-14  3.2743e+09  9.8229e+09
          0           0           0
0.000287846   1.496e+11 1.49638e+11
5.21602e-14 3.28115e+09 9.84345e+09
          0           0           0
0.000288447   1.496e+11 1.49638e+11
5.22691e-14   3.288e+09   9.864e+09
          0           0           0
0.000289048   1.496e+11 1.49638e+11
 5.2378e-14 3.29485e+09 9.88455e+09
          0           0           0
0.000289648   1.496e+11 1.49638e+11
5.24869e-14  3.3017e+09  9.9051e+09
          0           0           0
0.000290249   1.496e+11 1.49638e+11
5.25958e-14 3.30855e+09 9.92565e+09
          0           0           0
 0.00029085   1.496e+11 1.49638e+11
5.27047e-14  3.3154e+09  9.9462e+09
          0           0           0
0.000291451   1.496e+11 1.49638e+11
5.28136e-14 3.32225e+09 9.96675e+09
          0           0           0
0.000292052   1.496e+11 1.49638e+11
5.29225e-14  3.3291e+09  9.9873e+09
          0           0           0
0.000292653   1.496e+11 1.49638e+11
5.30314e-14 3.33595e+09 1.00079e+10
          0           0           0
0.000293254   1.496e+11 1.49638e+11
5.31403e-14  3.3428e+09 1.00284e+10
          0           0           0
0.000293855   1.496e+11 1.49638e+11
5.32492e-14 3.34965e+09  1.0049e+10
          0           0           0
0.000294456   1.496e+11 1.49638e+11
5.33581e-14  3.3565e+09 1.00695e+10
          0           0           0
0.000295057   1.496e+11 1.49638e+11
 5.3467e-14 3.36335e+09 1.00901e+10
          0           0           0
0.000295658   1.496e+11 1.49638e+11
5.35758e-14  3.3702e+09 1.01106e+10
          0           0           0
0.000296259   1.496e+11 1.49638e+11
5.36847e-14 3.37705e+09 1.01312e+10
          0           0           0
 0.00029686   1.496e+11 1.49638e+11
5.37936e-14  3.3839e+09 1.01517e+10
          0           0           0
0.000297461   1.496e+11 1.49638e+11
5.39025e-14 3.39075e+09 1.01723e+10
          0           0           0
0.000298061   1.496e+11 1.49638e+11
5.40114e-14  3.3976e+09 1.01928e+10
          0           0           0
0.000298662   1.496e+11 1.49638e+11
5.41203e-14 3.40445e+09 1.02134e+10
          0           0           0
0.000299263   1.496e+11 1.49638e+11
5.42292e-14  3.4113e+09 1.02339e+10
          0           0           0
0.000299864   1.496e+11 1.49638e+11
5.43381e-14 3.41815e+09 1.02545e+10
          0           0           0
0.000300465   1.496e+11 1.49638e+11
 5.4447e-14   3.425e+09  1.0275e+10
          0           0           0
0.000301066   1.496e+11 1.49638e+11
5.45559e-14 3.43185e+09 1.02956e+10
          0           0           0
0.000301667   1.496e+11 1.49638e+11
5.46648e-14  3.4387e+09 1.03161e+10
          0           0           0
0.000302268   1.496e+11 1.49638e+11
5.47737e-14 3.44555e+09 1.03367e+10
          0           0           0
0.000302869   1.496e+11 1.49638e+11
5.48826e-14  3.4524e+09 1.03572e+10
          0           0           0
 0.00030347   1.496e+11 1.49638e+11
5.49915e-14 3.45925e+09 1.03778e+10
          0           0           0
0.000304071   1.496e+11 1.49638e+11
5.51004e-14  3.4661e+09 1.03983e+10
          0           0           0
0.000304672   1.496e+11 1.49638e+11
5.52093e-14 3.47295e+09 1.04189e+10
          0           0           0
0.000305273   1.496e+11 1.49638e+11
5.53182e-14  3.4798e+09 1.04394e+10
          0           0           0
0.000305874   1.496e+11 1.49638e+11
 5.5427e-14 3.48665e+09   1.046e+10
          0           0           0
0.000306475   1.496e+11 1.49638e+11
5.55359e-14  3.4935e+09 1.04805e+10
          0           0           0
0.000307075   1.496e+11 1.49638e+11
5.56448e-14 3.50035e+09 1.05011e+10
          0           0           0
0.000307676   1.496e+11 1.49638e+11
5.57537e-14  3.5072e+09 1.05216e+10
          0           0           0
0.000308277   1.496e+11 1.49638e+11
5.58626e-14 3.51405e+09 1.05422e+10
          0           0           0
0.000308878   1.496e+11 1.49638e+11
5.59715e-14  3.5209e+09 1.05627e+10
          0           0           0
0.000309479   1.496e+11 1.49638e+11
5.60804e-14 3.52775e+09 1.05833e+10
          0           0           0
 0.00031008   1.496e+11 1.49638e+11
5.61893e-14  3.5346e+09 1.06038e+10
          0           0           0
0.000310681   1.496e+11 1.49638e+11
5.62982e-14 3.54145e+09 1.06244e+10
          0           0           0
0.000311282   1.496e+11 1.49638e+11
5.64071e-14  3.5483e+09 1.06449e+10
          0           0           0
0.000311883   1.496e+11 1.49638e+11
 5.6516e-14 3.55515e+09 1.06655e+10
          0           0           0
0.000312484   1.496e+11 1.49638e+11
5.66249e-14   3.562e+09  1.0686e+10
          0           0           0
0.000313085   1.496e+11 1.49638e+11
5.67338e-14 3.56885e+09 1.07066e+10
          0           0           0
0.000313686   1.496e+11 1.49638e+11
5.68427e-14  3.5757e+09 1.07271e+10
          0           0           0
0.000314287   1.496e+11 1.49638e+11
5.69516e-14 3.58255e+09 1.07477e+10
          0           0           0
0.000314888   1.496e+11 1.49638e+11
5.70605e-14  3.5894e+09 1.07682e+10
          0           0           0
0.000315488   1.496e+11 1.49638e+11
5.71693e-14 3.59625e+09 1.07888e+10
          0           0           0
0.000316089   1.496e+11 1.49638e+11
5.72782e-14  3.6031e+09 1.08093e+10
          0           0           0
 0.00031669   1.496e+11 1.49638e+11
5.73871e-14 3.60995e+09 1.08299e+10
          0           0           0
0.000317291   1.496e+11 1.49638e+11
 5.7496e-14  3.6168e+09 1.08504e+10
          0           0           0
0.000317892   1.496e+11 1.49638e+11
5.76049e-14 3.62365e+09  1.0871e+10
          0           0           0
0.000318493   1.496e+11 1.49638e+11
5.77138e-14  3.6305e+09 1.08915e+10
          0           0           0
0.000319094   1.496e+11 1.49638e+11
5.78227e-14 3.63735e+09 1.09121e+10
          0           0           0
0.000319695   1.496e+11 1.49638e+11
5.79316e-14  3.6442e+09 1.09326e+10
          0           0           0
0.000320296   1.496e+11 1.49638e+11
5.80405e-14 3.65105e+09 1.09532e+10
          0           0           0
0.000320897   1.496e+11 1.49638e+11
5.81494e-14  3.6579e+09 1.09737e+10
          0           0           0
0.000321498   1.496e+11 1.49638e+11
5.82583e-14 3.66475e+09 1.09943e+10
          0           0           0
0.000322099   1.496e+11 1.49638e+11
5.83672e-14  3.6716e+09 1.10148e+10
          0           0           0
  0.0003227   1.496e+11 1.49638e+11
5.84761e-14 3.67845e+09 1.10354e+10
          0           0           0
0.000323301   1.496e+11 1.49638e+11
 5.8585e-14  3.6853e+09 1.10559e+10
          0           0           0
0.000323901   1.496e+11 1.49638e+11
5.86939e-14 3.69215e+09 1.10765e+10
          0           0           0
0.000324502   1.496e+11 1.49638e+11
5.88028e-14   3.699e+09  1.1097e+10
          0           0           0
0.000325103   1.496e+11 1.49638e+11
5.89117e-14 3.70585e+09 1.11176e+10
          0           0           0
0.000325704   1.496e+11 1.49638e+11
5.90205e-14  3.7127e+09 1.11381e+10
          0           0           0
0.000326305   1.496e+11 1.49638e+11
5.91294e-14 3.71955e+09 1.11587e+10
          0           0           0
0.000326906   1.496e+11 1.49638e+11
5.92383e-14  3.7264e+09 1.11792e+10
          0           0           0
0.000327507   1.496e+11 1.49638e+11
5.93472e-14 3.73325e+09 1.11998e+10
          0           0           0
0.000328108   1.496e+11 1.49638e+11
5.94561e-14  3.7401e+09 1.12203e+10
          0           0           0
0.000328709   1.496e+11 1.49638e+11
 5.9565e-14 3.74695e+09 1.12409e+10
          0           0           0
 0.00032931   1.496e+11 1.49638e+11
5.96739e-14  3.7538e+09 1.12614e+10
          0           0           0
0.000329911   1.496e+11 1.49638e+11
5.97828e-14 3.76065e+09  1.1282e+10
          0           0           0
0.000330512   1.496e+11 1.49638e+11
5.98917e-14  3.7675e+09 1.13025e+10
          0           0           0
0.000331113   1.496e+11 1.49638e+11
6.00006e-14 3.77435e+09 1.13231e+10
          0           0           0
0.000331714   1.496e+11 1.49638e+11
6.01095e-14  3.7812e+09 1.13436e+10
          0           0           0
0.000332315   1.496e+11 1.49638e+11
6.02184e-14 3.78805e+09 1.13642e+10
          0           0           0
0.000332915   1.496e+11 1.49638e+11
6.03273e-14  3.7949e+09 1.13847e+10
          0           0           0
0.000333516   1.496e+11 1.49638e+11
6.04362e-14 3.80175e+09 1.14053e+10
          0           0           0
0.000334117   1.496e+11 1.49638e+11
6.05451e-14  3.8086e+09 1.14258e+10
          0           0           0
0.000334718   1.496e+11 1.49638e+11
 6.0654e-14 3.81545e+09 1.14464e+10
          0           0           0
0.000335319   1.496e+11 1.49638e+11
6.07629e-14  3.8223e+09 1.14669e+10
          0           0           0
 0.00033592   1.496e+11 1.49638e+11
6.08717e-14 3.82915e+09 1.14875e+10
          0           0           0
0.000336521   1.496e+11 1.49638e+11
6.09806e-14   3.836e+09  1.1508e+10
          0           0           0
0.000337122   1.496e+11 1.49638e+11
6.10895e-14 3.84285e+09 1.15286e+10
          0           0           0
0.000337723   1.496e+11 1.49638e+11
6.11984e-14  3.8497e+09 1.15491e+10
          0           0           0
0.000338324   1.496e+11 1.49638e+11
6.13073e-14 3.85655e+09 1.15697e+10
          0           0           0
0.000338925   1.496e+11 1.49638e+11
6.14162e-14  3.8634e+09 1.15902e+10
          0           0           0
0.000339526   1.496e+11 1.49638e+11
6.15251e-14 3.87025e+09 1.16108e+10
          0           0           0
0.000340127   1.496e+11 1.49638e+11
 6.1634e-14  3.8771e+09 1.16313e+10
          0           0           0
0.000340728   1.496e+11 1.49638e+11
6.17429e-14 3.88395e+09 1.16519e+10
          0           0           0
0.000341328   1.496e+11 1.49638e+11
6.18518e-14  3.8908e+09 1.16724e+10
          0           0           0
0.000341929   1.496e+11 1.49638e+11
6.19607e-14 3.89765e+09  1.1693e+10
          0           0           0
 0.00034253   1.496e+11 1.49638e+11
6.20696e-14  3.9045e+09 1.17135e+10
          0           0           0
0.000343131   1.496e+11 1.49638e+11
6.21785e-14 3.91135e+09 1.17341e+10
          0           0           0
0.000343732   1.496e+11 1.49638e+11
6.22874e-14  3.9182e+09 1.17546e+10
          0           0           0
0.000344333   1.496e+11 1.49638e+11
6.23963e-14 3.92505e+09 1.17752e+10
          0           0           0
0.000344934   1.496e+11 1.49638e+11
6.25052e-14  3.9319e+09 1.17957e+10
          0           0           0
0.000345535   1.496e+11 1.49638e+11
 6.2614e-14 3.93875e+09 1.18163e+10
          0           0           0
0.000346136   1.496e+11 1.49638e+11
6.27229e-14  3.9456e+09 1.18368e+10
          0           0           0
0.000346737   1.496e+11 1.49638e+11
6.28318e-14 3.95245e+09 1.18574e+10
          0           0           0
0.000347338   1.496e+11 1.49638e+11
6.29407e-14  3.9593e+09 1.18779e+10
          0           0           0
0.000347939   1.496e+11 1.49638e+11
6.30496e-14 3.96615e+09 1.18985e+10
          0           0           0
 0.00034854   1.496e+11 1.49638e+11
6.31585e-14   3.973e+09  1.1919e+10
          0           0           0
0.000349141   1.496e+11 1.49638e+11
6.32674e-14 3.97985e+09 1.19396e+10
          0           0           0
0.000349741   1.496e+11 1.49638e+11
6.33763e-14  3.9867e+09 1.19601e+10
          0           0           0
0.000350342   1.496e+11 1.49638e+11
6.34852e-14 3.99355e+09 1.19807e+10
          0           0           0
0.000350943   1.496e+11 1.49638e+11
6.35941e-14  4.0004e+09 1.20012e+10
          0           0           0
0.000351544   1.496e+11 1.49638e+11
 6.3703e-14 4.00725e+09 1.20218e+10
          0           0           0
0.000352145   1.496e+11 1.49638e+11
6.38119e-14  4.0141e+09 1.20423e+10
          0           0           0
0.000352746   1.496e+11 1.49638e+11
6.39208e-14 4.02095e+09 1.20629e+10
          0           0           0
0.000353347   1.496e+11 1.49638e+11
6.40297e-14  4.0278e+09 1.20834e+10
          0           0           0
0.000353948   1.496e+11 1.49638e+11
6.41386e-14 4.03465e+09  1.2104e+10
          0           0           0
0.000354549   1.496e+11 1.49638e+11
6.42475e-14  4.0415e+09 1.21245e+10
          0           0           0
 0.00035515   1.496e+11 1.49638e+11
6.43564e-14 4.04835e+09 1.21451e+10
          0           0           0
0.000355751   1.496e+11 1.49638e+11
6.44652e-14  4.0552e+09 1.21656e+10
          0           0           0
0.000356352   1.496e+11 1.49638e+11
6.45741e-14 4.06205e+09 1.21862e+10
          0           0           0
0.000356953   1.496e+11 1.49638e+11
 6.4683e-14  4.0689e+09 1.22067e+10
          0           0           0
0.000357554   1.496e+11 1.49638e+11
6.47919e-14 4.07575e+09 1.22273e+10
          0           0           0
0.000358155   1.496e+11 1.49638e+11
6.49008e-14  4.0826e+09 1.22478e+10
          0           0           0
0.000358755   1.496e+11 1.49638e+11
6.50097e-14 4.08945e+09 1.22684e+10
          0           0           0
0.000359356   1.496e+11 1.49638e+11
6.51186e-14  4.0963e+09 1.22889e+10
          0           0           0
0.000359957   1.496e+11 1.49638e+11
6.52275e-14 4.10315e+09 1.23095e+10
          0           0           0
0.000360558   1.496e+11 1.49638e+11
6.53364e-14    4.11e+09   1.233e+10
          0           0           0
0.000361159   1.496e+11 1.49638e+11
6.54453e-14 4.11685e+09 1.23506e+10
          0           0           0
 0.00036176   1.496e+11 1.49638e+11
6.55542e-14  4.1237e+09 1.23711e+10
          0           0           0
0.000362361   1.496e+11 1.49638e+11
6.56631e-14 4.13055e+09 1.23917e+10
          0           0           0
0.000362962   1.496e+11 1.49638e+11
 6.5772e-14  4.1374e+09 1.24122e+10
          0           0           0
0.000363563   1.496e+11 1.49638e+11
6.58809e-14 4.14425e+09 1.24328e+10
          0           0           0
0.000364164   1.496e+11 1.49638e+11
6.59898e-14  4.1511e+09 1.24533e+10
          0           0           0
0.000364765   1.496e+11 1.49638e+11
6.60987e-14 4.15795e+09 1.24739e+10
          0           0           0
0.000365366   1.496e+11 1.49638e+11
6.62075e-14  4.1648e+09 1.24944e+10
          0           0           0
0.000365967   1.496e+11 1.49638e+11
6.63164e-14 4.17165e+09  1.2515e+10
          0           0           0
0.000366568   1.496e+11 1.49638e+11
6.64253e-14  4.1785e+09 1.25355e+10
          0           0           0
0.000367168   1.496e+11 1.49638e+11
6.65342e-14 4.18535e+09 1.25561e+10
          0           0           0
0.000367769   1.496e+11 1.49638e+11
6.66431e-14  4.1922e+09 1.25766e+10
          0           0           0
 0.00036837   1.496e+11 1.49638e+11
 6.6752e-14 4.19905e+09 1.25972e+10
          0           0           0
0.000368971   1.496e+11 1.49638e+11
6.68609e-14  4.2059e+09 1.26177e+10
          0           0           0
0.000369572   1.496e+11 1.49638e+11
6.69698e-14 4.21275e+09 1.26383e+10
          0           0           0
0.000370173   1.496e+11 1.49638e+11
6.70787e-14  4.2196e+09 1.26588e+10
          0           0           0
0.000370774   1.496e+11 1.49638e+11
6.71876e-14 4.22645e+09 1.26794e+10
          0           0           0
0.000371375   1.496e+11 1.49638e+11
6.72965e-14  4.2333e+09 1.26999e+10
          0           0           0
0.000371976   1.496e+11 1.49638e+11
6.74054e-14 4.24015e+09 1.27205e+10
          0           0           0
0.000372577   1.496e+11 1.49638e+11
6.75143e-14   4.247e+09  1.2741e+10
          0           0           0
0.000373178   1.496e+11 1.49638e+11
6.76232e-14 4.25385e+09 1.27616e+10
          0           0           0
0.000373779   1.496e+11 1.49638e+11
6.77321e-14  4.2607e+09 1.27821e+10
          0           0           0
 0.00037438   1.496e+11 1.49638e+11
 6.7841e-14 4.26755e+09 1.28027e+10
          0           0           0
0.000374981   1.496e+11 1.49638e+11
6.79499e-14  4.2744e+09 1.28232e+10
          0           0           0
0.000375582   1.496e+11 1.49638e+11
6.80587e-14 4.28125e+09 1.28438e+10
          0           0           0
0.000376182   1.496e+11 1.49638e+11
6.81676e-14  4.2881e+09 1.28643e+10
          0           0           0
0.000376783   1.496e+11 1.49638e+11
6.82765e-14 4.29495e+09 1.28849e+10
          0           0           0
0.000377384   1.496e+11 1.49638e+11
6.83854e-14  4.3018e+09 1.29054e+10
          0           0           0
0.000377985   1.496e+11 1.49638e+11
6.84943e-14 4.30865e+09  1.2926e+10
          0           0           0
0.000378586   1.496e+11 1.49638e+11
6.86032e-14  4.3155e+09 1.29465e+10
          0           0           0
0.000379187   1.496e+11 1.49638e+11
6.87121e-14 4.32235e+09 1.29671e+10
          0           0           0
0.000379788   1.496e+11 1.49638e+11
 6.8821e-14  4.3292e+09 1.29876e+10
          0           0           0
0.000380389   1.496e+11 1.49638e+11
6.89299e-14 4.33605e+09 1.30082e+10
          0           0           0
 0.00038099   1.496e+11 1.49638e+11
6.90388e-14  4.3429e+09 1.30287e+10
          0           0           0
0.000381591   1.496e+11 1.49638e+11
6.91477e-14 4.34975e+09 1.30493e+10
          0           0           0
0.000382192   1.496e+11 1.49638e+11
6.92566e-14  4.3566e+09 1.30698e+10
          0           0           0
0.000382793   1.496e+11 1.49638e+11
6.93655e-14 4.36345e+09 1.30904e+10
          0           0           0
0.000383394   1.496e+11 1.49638e+11
6.94744e-14  4.3703e+09 1.31109e+10
          0           0           0
0.000383995   1.496e+11 1.49638e+11
6.95833e-14 4.37715e+09 1.31315e+10
          0           0           0
0.000384595   1.496e+11 1.49638e+11
6.96922e-14   4.384e+09  1.3152e+10
          0           0           0
0.000385196   1.496e+11 1.49638e+11
 6.9801e-14 4.39085e+09 1.31726e+10
          0           0           0
0.000385797   1.496e+11 1.49638e+11
6.99099e-14  4.3977e+09 1.31931e+10
          0           0           0
0.000386398   1.496e+11 1.49638e+11
7.00188e-14 4.40455e+09 1.32137e+10
          0           0           0
0.000386999   1.496e+11 1.49638e+11
7.01277e-14  4.4114e+09 1.32342e+10
          0           0           0
  0.0003876   1.496e+11 1.49638e+11
7.02366e-14 4.41825e+09 1.32548e+10
          0           0           0
0.000388201   1.496e+11 1.49638e+11
7.03455e-14  4.4251e+09 1.32753e+10
          0           0           0
0.000388802   1.496e+11 1.49638e+11
7.04544e-14 4.43195e+09 1.32959e+10
          0           0           0
0.000389403   1.496e+11 1.49638e+11
7.05633e-14  4.4388e+09 1.33164e+10
          0           0           0
0.000390004   1.496e+11 1.49638e+11
7.06722e-14 4.44565e+09  1.3337e+10
          0           0           0
0.000390605   1.496e+11 1.49638e+11
7.07811e-14  4.4525e+09 1.33575e+10
          0           0           0
0.000391206   1.496e+11 1.49638e+11
  7.089e-14 4.45935e+09 1.33781e+10
          0           0           0
0.000391807   1.496e+11 1.49638e+11
7.09989e-14  4.4662e+09 1.33986e+10
          0           0           0
0.000392408   1.496e+11 1.49638e+11
7.11078e-14 4.47305e+09 1.34192e+10
          0           0           0
0.000393008   1.496e+11 1.49638e+11
7.12167e-14  4.4799e+09 1.34397e+10
          0           0           0
0.000393609   1.496e+11 1.49638e+11
7.13256e-14 4.48675e+09 1.34603e+10
          0           0           0
 0.00039421   1.496e+11 1.49638e+11
7.14345e-14  4.4936e+09 1.34808e+10
          0           0           0
0.000394811   1.496e+11 1.49638e+11
7.15434e-14 4.50045e+09 1.35014e+10
          0           0           0
0.000395412   1.496e+11 1.49638e+11
7.16522e-14  4.5073e+09 1.35219e+10
          0           0           0
0.000396013   1.496e+11 1.49638e+11
7.17611e-14 4.51415e+09 1.35425e+10
          0           0           0
0.000396614   1.496e+11 1.49638e+11
  7.187e-14   4.521e+09  1.3563e+10
          0           0           0
0.000397215   1.496e+11 1.49638e+11
7.19789e-14 4.52785e+09 1.35836e+10
          0           0           0
0.000397816   1.496e+11 1.49638e+11
7.20878e-14  4.5347e+09 1.36041e+10
          0           0           0
0.000398417   1.496e+11 1.49638e+11
7.21967e-14 4.54155e+09 1.36247e+10
          0           0           0
0.000399018   1.496e+11 1.49638e+11
7.23056e-14  4.5484e+09 1.36452e+10
          0           0           0
0.000399619   1.496e+11 1.49638e+11
7.24145e-14 4.55525e+09 1.36658e+10
          0           0           0
 0.00040022   1.496e+11 1.49638e+11
7.25234e-14  4.5621e+09 1.36863e+10
          0           0           0
0.000400821   1.496e+11 1.49638e+11
7.26323e-14 4.56895e+09 1.37069e+10
          0           0           0
0.000401422   1.496e+11 1.49638e+11
7.27412e-14  4.5758e+09 1.37274e+10
          0           0           0
0.000402022   1.496e+11 1.49638e+11
7.28501e-14 4.58265e+09  1.3748e+10
          0           0           0
0.000402623   1.496e+11 1.49638e+11
 7.2959e-14  4.5895e+09 1.37685e+10
          0           0           0
0.000403224   1.496e+11 1.49638e+11
7.30679e-14 4.59635e+09 1.37891e+10
          0           0           0
0.000403825   1.496e+11 1.49638e+11
7.31768e-14  4.6032e+09 1.38096e+10
          0           0           0
0.000404426   1.496e+11 1.49638e+11
7.32857e-14 4.61005e+09 1.38302e+10
          0           0           0
0.000405027   1.496e+11 1.49638e+11
7.33946e-14  4.6169e+09 1.38507e+10
          0           0           0
0.000405628   1.496e+11 1.49638e+11
7.35034e-14 4.62375e+09 1.38713e+10
          0           0           0
0.000406229   1.496e+11 1.49638e+11
7.36123e-14  4.6306e+09 1.38918e+10
          0           0           0
 0.00040683   1.496e+11 1.49638e+11
7.37212e-14 4.63745e+09 1.39124e+10
          0           0           0
0.000407431   1.496e+11 1.49638e+11
7.38301e-14  4.6443e+09 1.39329e+10
          0           0           0
0.000408032   1.496e+11 1.49638e+11
 7.3939e-14 4.65115e+09 1.39535e+10
          0           0           0
0.000408633   1.496e+11 1.49638e+11
7.40479e-14   4.658e+09  1.3974e+10
          0           0           0
0.000409234   1.496e+11 1.49638e+11
7.41568e-14 4.66485e+09 1.39946e+10
          0           0           0
0.000409835   1.496e+11 1.49638e+11
7.42657e-14  4.6717e+09 1.40151e+10
          0           0           0
0.000410435   1.496e+11 1.49638e+11
7.43746e-14 4.67855e+09 1.40357e+10
          0           0           0
0.000411036   1.496e+11 1.49638e+11
7.44835e-14  4.6854e+09 1.40562e+10
          0           0           0
0.000411637   1.496e+11 1.49638e+11
7.45924e-14 4.69225e+09 1.40768e+10
          0           0           0
0.000412238   1.496e+11 1.49638e+11
7.47013e-14  4.6991e+09 1.40973e+10
          0           0           0
0.000412839   1.496e+11 1.49638e+11
7.48102e-14 4.70595e+09 1.41179e+10
          0           0           0
 0.00041344   1.496e+11 1.49638e+11
7.49191e-14  4.7128e+09 1.41384e+10
          0           0           0
0.000414041   1.496e+11 1.49638e+11
 7.5028e-14 4.71965e+09  1.4159e+10
          0           0           0
0.000414642   1.496e+11 1.49638e+11
7.51369e-14  4.7265e+09 1.41795e+10
          0           0           0
0.000415243   1.496e+11 1.49638e+11
7.52457e-14 4.73335e+09 1.42001e+10
          0           0           0
0.000415844   1.496e+11 1.49638e+11
7.53546e-14  4.7402e+09 1.42206e+10
          0           0           0
0.000416445   1.496e+11 1.49638e+11
7.54635e-14 4.74705e+09 1.42412e+10
          0           0           0
0.000417046   1.496e+11 1.49638e+11
7.55724e-14  4.7539e+09 1.42617e+10
          0           0           0
0.000417647   1.496e+11 1.49638e+11
7.56813e-14 4.76075e+09 1.42823e+10
          0           0           0
0.000418248   1.496e+11 1.49638e+11
7.57902e-14  4.7676e+09 1.43028e+10
          0           0           0
0.000418848   1.496e+11 1.49638e+11
7.58991e-14 4.77445e+09 1.43234e+10
          0           0           0
0.000419449   1.496e+11 1.49638e+11
 7.6008e-14  4.7813e+09 1.43439e+10
          0           0           0
 0.00042005   1.496e+11 1.49638e+11
7.61169e-14 4.78815e+09 1.43645e+10
          0           0           0
0.000420651   1.496e+11 1.49638e+11
7.62258e-14   4.795e+09  1.4385e+10
          0           0           0
0.000421252   1.496e+11 1.49638e+11
7.63347e-14 4.80185e+09 1.44056e+10
          0           0           0
0.000421853   1.496e+11 1.49638e+11
7.64436e-14  4.8087e+09 1.44261e+10
          0           0           0
0.000422454   1.496e+11 1.49638e+11
7.65525e-14 4.81555e+09 1.44467e+10
          0           0           0
0.000423055   1.496e+11 1.49638e+11
7.66614e-14  4.8224e+09 1.44672e+10
          0           0           0
0.000423656   1.496e+11 1.49638e+11
7.67703e-14 4.82925e+09 1.44878e+10
          0           0           0
0.000424257   1.496e+11 1.49638e+11
7.68792e-14  4.8361e+09 1.45083e+10
          0           0           0
0.000424858   1.496e+11 1.49638e+11
7.69881e-14 4.84295e+09 1.45289e+10
          0           0           0
0.000425459   1.496e+11 1.49638e+11
7.70969e-14  4.8498e+09 1.45494e+10
          0           0           0
 0.00042606   1.496e+11 1.49638e+11
7.72058e-14 4.85665e+09   1.457e+10
          0           0           0
0.000426661   1.496e+11 1.49638e+11
7.73147e-14  4.8635e+09 1.45905e+10
          0           0           0
0.000427262   1.496e+11 1.49638e+11
7.74236e-14 4.87035e+09 1.46111e+10
          0           0           0
0.000427862   1.496e+11 1.49638e+11
7.75325e-14  4.8772e+09 1.46316e+10
          0           0           0
0.000428463   1.496e+11 1.49638e+11
7.76414e-14 4.88405e+09 1.46522e+10
          0           0           0
0.000429064   1.496e+11 1.49638e+11
7.77503e-14  4.8909e+09 1.46727e+10
          0           0           0
0.000429665   1.496e+11 1.49638e+11
7.78592e-14 4.89775e+09 1.46933e+10
          0           0           0
0.000430266   1.496e+11 1.49638e+11
7.79681e-14  4.9046e+09 1.47138e+10
          0           0           0
0.000430867   1.496e+11 1.49638e+11
 7.8077e-14 4.91145e+09 1.47344e+10
          0           0           0
0.000431468   1.496e+11 1.49638e+11
7.81859e-14  4.9183e+09 1.47549e+10
          0           0           0
0.000432069   1.496e+11 1.49638e+11
7.82948e-14 4.92515e+09 1.47755e+10
          0           0           0
 0.00043267   1.496e+11 1.49638e+11
7.84037e-14   4.932e+09  1.4796e+10
          0           0           0
0.000433271   1.496e+11 1.49638e+11
7.85126e-14 4.93885e+09 1.48166e+10
          0           0           0
0.000433872   1.496e+11 1.49638e+11
7.86215e-14  4.9457e+09 1.48371e+10
          0           0           0
0.000434473   1.496e+11 1.49638e+11
7.87304e-14 4.95255e+09 1.48577e+10
          0           0           0
0.000435074   1.496e+11 1.49638e+11
7.88392e-14  4.9594e+09 1.48782e+10
          0           0           0
0.000435675   1.496e+11 1.49638e+11
7.89481e-14 4.96625e+09 1.48988e+10
          0           0           0
0.000436275   1.496e+11 1.49638e+11
 7.9057e-14  4.9731e+09 1.49193e+10
          0           0           0
0.000436876   1.496e+11 1.49638e+11
7.91659e-14 4.97995e+09 1.49399e+10
          0           0           0
0.000437477   1.496e+11 1.49638e+11
7.92748e-14  4.9868e+09 1.49604e+10
          0           0           0
0.000438078   1.496e+11 1.49638e+11
7.93837e-14 4.99365e+09  1.4981e+10
          0           0           0
0.000438679   1.496e+11 1.49638e+11
7.94926e-14  5.0005e+09 1.50015e+10
          0           0           0
 0.00043928   1.496e+11 1.49638e+11
7.96015e-14 5.00735e+09 1.50221e+10
          0           0           0
0.000439881   1.496e+11 1.49638e+11
7.97104e-14  5.0142e+09 1.50426e+10
          0           0           0
0.000440482   1.496e+11 1.49638e+11
7.98193e-14 5.02105e+09 1.50632e+10
          0           0           0
0.000441083   1.496e+11 1.49638e+11
7.99282e-14  5.0279e+09 1.50837e+10
          0           0           0
0.000441684   1.496e+11 1.49638e+11
8.00371e-14 5.03475e+09 1.51043e+10
          0           0           0
0.000442285   1.496e+11 1.49638e+11
 8.0146e-14  5.0416e+09 1.51248e+10
          0           0           0
0.000442886   1.496e+11 1.49638e+11
8.02549e-14 5.04845e+09 1.51454e+10
          0           0           0
0.000443487   1.496e+11 1.49638e+11
8.03638e-14  5.0553e+09 1.51659e+10
          0           0           0
0.000444088   1.496e+11 1.49638e+11
8.04727e-14 5.06215e+09 1.51865e+10
          0           0           0
0.000444688   1.496e+11 1.49638e+11
8.05816e-14   5.069e+09  1.5207e+10
          0           0           0
0.000445289   1.496e+11 1.49638e+11
8.06904e-14 5.07585e+09 1.52276e+10
          0           0           0
 0.00044589   1.496e+11 1.49638e+11
8.07993e-14  5.0827e+09 1.52481e+10
          0           0           0
0.000446491   1.496e+11 1.49638e+11
8.09082e-14 5.08955e+09 1.52687e+10
          0           0           0
0.000447092   1.496e+11 1.49638e+11
8.10171e-14  5.0964e+09 1.52892e+10
          0           0           0
0.000447693   1.496e+11 1.49638e+11
 8.1126e-14 5.10325e+09 1.53098e+10
          0           0           0
0.000448294   1.496e+11 1.49638e+11
8.12349e-14  5.1101e+09 1.53303e+10
          0           0           0
0.000448895   1.496e+11 1.49638e+11
8.13438e-14 5.11695e+09 1.53509e+10
          0           0           0
0.000449496   1.496e+11 1.49638e+11
8.14527e-14  5.1238e+09 1.53714e+10
          0           0           0
0.000450097   1.496e+11 1.49638e+11
8.15616e-14 5.13065e+09  1.5392e+10
          0           0           0
0.000450698   1.496e+11 1.49638e+11
8.16705e-14  5.1375e+09 1.54125e+10
          0           0           0
0.000451299   1.496e+11 1.49638e+11
8.17794e-14 5.14435e+09 1.54331e+10
          0           0           0
  0.0004519   1.496e+11 1.49638e+11
8.18883e-14  5.1512e+09 1.54536e+10
          0           0           0
0.000452501   1.496e+11 1.49638e+11
8.19972e-14 5.15805e+09 1.54742e+10
          0           0           0
0.000453102   1.496e+11 1.49638e+11
8.21061e-14  5.1649e+09 1.54947e+10
          0           0           0
0.000453702   1.496e+11 1.49638e+11
 8.2215e-14 5.17175e+09 1.55153e+10
          0           0           0
0.000454303   1.496e+11 1.49638e+11
8.23239e-14  5.1786e+09 1.55358e+10
          0           0           0
0.000454904   1.496e+11 1.49638e+11
8.24328e-14 5.18545e+09 1.55564e+10
          0           0           0
0.000455505   1.496e+11 1.49638e+11
8.25416e-14  5.1923e+09 1.55769e+10
          0           0           0
0.000456106   1.496e+11 1.49638e+11
8.26505e-14 5.19915e+09 1.55975e+10
          0           0           0
0.000456707   1.496e+11 1.49638e+11
8.27594e-14   5.206e+09  1.5618e+10
          0           0           0
0.000457308   1.496e+11 1.49638e+11
8.28683e-14 5.21285e+09 1.56386e+10
          0           0           0
0.000457909   1.496e+11 1.49638e+11
8.29772e-14  5.2197e+09 1.56591e+10
          0           0           0
 0.00045851   1.496e+11 1.49638e+11
8.30861e-14 5.22655e+09 1.56797e+10
          0           0           0
0.000459111   1.496e+11 1.49638e+11
 8.3195e-14  5.2334e+09 1.57002e+10
          0           0           0
0.000459712   1.496e+11 1.49638e+11
8.33039e-14 5.24025e+09 1.57208e+10
          0           0           0
0.000460313   1.496e+11 1.49638e+11
8.34128e-14  5.2471e+09 1.57413e+10
          0           0           0
0.000460914   1.496e+11 1.49638e+11
8.35217e-14 5.25395e+09 1.57619e+10
          0           0           0
0.000461515   1.496e+11 1.49638e+11
8.36306e-14  5.2608e+09 1.57824e+10
          0           0           0
0.000462115   1.496e+11 1.49638e+11
8.37395e-14 5.26765e+09  1.5803e+10
          0           0           0
0.000462716   1.496e+11 1.49638e+11
8.38484e-14  5.2745e+09 1.58235e+10
          0           0           0
0.000463317   1.496e+11 1.49638e+11
8.39573e-14 5.28135e+09 1.58441e+10
          0           0           0
0.000463918   1.496e+11 1.49638e+11
8.40662e-14  5.2882e+09 1.58646e+10
          0           0           0
0.000464519   1.496e+11 1.49638e+11
8.41751e-14 5.29505e+09 1.58852e+10
          0           0           0
 0.00046512   1.496e+11 1.49638e+11
8.42839e-14  5.3019e+09 1.59057e+10
          0           0           0
0.000465721   1.496e+11 1.49638e+11
8.43928e-14 5.30875e+09 1.59263e+10
          0           0           0
0.000466322   1.496e+11 1.49638e+11
8.45017e-14  5.3156e+09 1.59468e+10
          0           0           0
0.000466923   1.496e+11 1.49638e+11
8.46106e-14 5.32245e+09 1.59674e+10
          0           0           0
0.000467524   1.496e+11 1.49638e+11
8.47195e-14  5.3293e+09 1.59879e+10
          0           0           0
0.000468125   1.496e+11 1.49638e+11
8.48284e-14 5.33615e+09 1.60085e+10
          0           0           0
0.000468726   1.496e+11 1.49638e+11
8.49373e-14   5.343e+09  1.6029e+10
          0           0           0
0.000469327   1.496e+11 1.49638e+11
8.50462e-14 5.34985e+09 1.60496e+10
          0           0           0
0.000469928   1.496e+11 1.49638e+11
8.51551e-14  5.3567e+09 1.60701e+10
          0           0           0
0.000470528   1.496e+11 1.49638e+11
 8.5264e-14 5.36355e+09 1.60907e+10
          0           0           0
0.000471129   1.496e+11 1.49638e+11
8.53729e-14  5.3704e+09 1.61112e+10
          0           0           0
 0.00047173   1.496e+11 1.49638e+11
8.54818e-14 5.37725e+09 1.61318e+10
          0           0           0
0.000472331   1.496e+11 1.49638e+11
8.55907e-14  5.3841e+09 1.61523e+10
          0           0           0
0.000472932   1.496e+11 1.49638e+11
8.56996e-14 5.39095e+09 1.61729e+10
          0           0           0
0.000473533   1.496e+11 1.49638e+11
8.58085e-14  5.3978e+09 1.61934e+10
          0           0           0
0.000474134   1.496e+11 1.49638e+11
8.59174e-14 5.40465e+09  1.6214e+10
          0           0           0
0.000474735   1.496e+11 1.49638e+11
8.60263e-14  5.4115e+09 1.62345e+10
          0           0           0
0.000475336   1.496e+11 1.49638e+11
8.61351e-14 5.41835e+09 1.62551e+10
          0           0           0
0.000475937   1.496e+11 1.49638e+11
 8.6244e-14  5.4252e+09 1.62756e+10
          0           0           0
0.000476538   1.496e+11 1.49638e+11
8.63529e-14 5.43205e+09 1.62962e+10
          0           0           0
0.000477139   1.496e+11 1.49638e+11
8.64618e-14  5.4389e+09 1.63167e+10
          0           0           0
 0.00047774   1.496e+11 1.49638e+11
8.65707e-14 5.44575e+09 1.63373e+10
          0           0           0
0.000478341   1.496e+11 1.49638e+11
8.66796e-14  5.4526e+09 1.63578e+10
          0           0           0
0.000478942   1.496e+11 1.49638e+11
8.67885e-14 5.45945e+09 1.63784e+10
          0           0           0
0.000479542   1.496e+11 1.49638e+11
8.68974e-14  5.4663e+09 1.63989e+10
          0           0           0
0.000480143   1.496e+11 1.49638e+11
8.70063e-14 5.47315e+09 1.64195e+10
          0           0           0
0.000480744   1.496e+11 1.49638e+11
8.71152e-14    5.48e+09   1.644e+10
          0           0           0
0.000481345   1.496e+11 1.49638e+11
8.72241e-14 5.48685e+09 1.64606e+10
          0           0           0
0.000481946   1.496e+11 1.49638e+11
 8.7333e-14  5.4937e+09 1.64811e+10
          0           0           0
0.000482547   1.496e+11 1.49638e+11
8.74419e-14 5.50055e+09 1.65017e+10
          0           0           0
0.000483148   1.496e+11 1.49638e+11
8.75508e-14  5.5074e+09 1.65222e+10
          0           0           0
0.000483749   1.496e+11 1.49638e+11
8.76597e-14 5.51425e+09 1.65428e+10
          0           0           0
 0.00048435   1.496e+11 1.49638e+11
8.77686e-14  5.5211e+09 1.65633e+10
          0           0           0
0.000484951   1.496e+11 1.49638e+11
8.78774e-14 5.52795e+09 1.65839e+10
          0           0           0
0.000485552   1.496e+11 1.49638e+11
8.79863e-14  5.5348e+09 1.66044e+10
          0           0           0
0.000486153   1.496e+11 1.49638e+11
8.80952e-14 5.54165e+09  1.6625e+10
          0           0           0
0.000486754   1.496e+11 1.49638e+11
8.82041e-14  5.5485e+09 1.66455e+10
          0           0           0
0.000487355   1.496e+11 1.49638e+11
 8.8313e-14 5.55535e+09 1.66661e+10
          0           0           0
0.000487955   1.496e+11 1.49638e+11
8.84219e-14  5.5622e+09 1.66866e+10
          0           0           0
0.000488556   1.496e+11 1.49638e+11
8.85308e-14 5.56905e+09 1.67072e+10
          0           0           0
0.000489157   1.496e+11 1.49638e+11
8.86397e-14  5.5759e+09 1.67277e+10
          0           0           0
0.000489758   1.496e+11 1.49638e+11
8.87486e-14 5.58275e+09 1.67483e+10
          0           0           0
0.000490359   1.496e+11 1.49638e+11
8.88575e-14  5.5896e+09 1.67688e+10
          0           0           0
 0.00049096   1.496e+11 1.49638e+11
8.89664e-14 5.59645e+09 1.67894e+10
          0           0           0
0.000491561   1.496e+11 1.49638e+11
8.90753e-14  5.6033e+09 1.68099e+10
          0           0           0
0.000492162   1.496e+11 1.49638e+11
8.91842e-14 5.61015e+09 1.68305e+10
          0           0           0
0.000492763   1.496e+11 1.49638e+11
8.92931e-14   5.617e+09  1.6851e+10
          0           0           0
0.000493364   1.496e+11 1.49638e+11
 8.9402e-14 5.62385e+09 1.68716e+10
          0           0           0
0.000493965   1.496e+11 1.49638e+11
8.95109e-14  5.6307e+09 1.68921e+10
          0           0           0
0.000494566   1.496e+11 1.49638e+11
8.96198e-14 5.63755e+09 1.69127e+10
          0           0           0
0.000495167   1.496e+11 1.49638e+11
8.97286e-14  5.6444e+09 1.69332e+10
          0           0           0
0.000495768   1.496e+11 1.49638e+11
8.98375e-14 5.65125e+09 1.69538e+10
          0           0           0
0.000496368   1.496e+11 1.49638e+11
8.99464e-14  5.6581e+09 1.69743e+10
          0           0           0
0.000496969   1.496e+11 1.49638e+11
9.00553e-14 5.66495e+09 1.69949e+10
          0           0           0
 0.00049757   1.496e+11 1.49638e+11
9.01642e-14  5.6718e+09 1.70154e+10
          0           0           0
0.000498171   1.496e+11 1.49638e+11
9.02731e-14 5.67865e+09  1.7036e+10
          0           0           0
0.000498772   1.496e+11 1.49638e+11
 9.0382e-14  5.6855e+09 1.70565e+10
          0           0           0
0.000499373   1.496e+11 1.49638e+11
9.04909e-14 5.69235e+09 1.70771e+10
          0           0           0
0.000499974   1.496e+11 1.49638e+11
9.05998e-14  5.6992e+09 1.70976e+10
          0           0           0
0.000500575   1.496e+11 1.49638e+11
9.07087e-14 5.70605e+09 1.71182e+10
          0           0           0
0.000501176   1.496e+11 1.49638e+11
9.08176e-14  5.7129e+09 1.71387e+10
          0           0           0
0.000501777   1.496e+11 1.49638e+11
9.09265e-14 5.71975e+09 1.71593e+10
          0           0           0
0.000502378   1.496e+11 1.49638e+11
9.10354e-14  5.7266e+09 1.71798e+10
          0           0           0
0.000502979   1.496e+11 1.49638e+11
9.11443e-14 5.73345e+09 1.72004e+10
          0           0           0
 0.00050358   1.496e+11 1.49638e+11
9.12532e-14  5.7403e+09 1.72209e+10
          0           0           0
